"avg(sliprate)"
0
0
0
0.0024553
0.18527
0.39975
0.57569
0.55406
0.51594
0.49925
0.48535
0.47639
0.4696
0.45973
0.45466
0.44386
0.43524
0.42332
0.41597
0.41129
0.41042
0.42343
0.43571
0.4403
0.4455
0.45292
0.46925
0.48956
0.50869
0.51945
0.5305
0.54042
0.54819
0.55527
0.56218
0.56665
0.58401
0.5991
0.59332
0.53732
0.42239
0.32738
0.30116
0.29304
0.27333
0.21592
0.14529
0.07496
0.017931
0.02746
0.044271
0.029079
0.0039096
0.050266
0.09117
0.11157
0.10625
0.098754
0.10289
0.084512
0.052161
0.033993
0.013126
0.0025564
0.00042136
0.0084469
0.0024157
0.0082685
0.0040502
0.023145
0.028961
0.036648
0.059878
0.083171
0.091243
0.099279
