"avg(slip)"
0
0
0
4.7058e-05
0.0082156
0.038144
0.087563
0.14501
0.1986
0.24911
0.29842
0.3464
0.39374
0.44016
0.48594
0.53083
0.57463
0.61768
0.65951
0.70088
0.74187
0.78354
0.82655
0.87041
0.91472
0.95958
1.0057
1.0536
1.1037
1.1551
1.2077
1.2612
1.3157
1.3709
1.4268
1.4832
1.5407
1.6
1.6599
1.7168
1.7648
1.8015
1.8325
1.8621
1.8907
1.9152
1.9331
1.9439
1.9483
1.9476
1.9436
1.9398
1.9385
1.9413
1.9486
1.959
1.97
1.9801
1.9903
1.9998
2.0065
2.0107
2.0131
2.0134
2.0132
2.0137
2.0144
2.014
2.0136
2.0151
2.0178
2.021
2.0257
2.0331
2.0419
2.0514
