0.0
0.0
0.0
0.0
0.0
0.0
0.0
3.9174118624848e-123
3.1571291201054e-113
-1.4037998991284e-104
-2.3839152183743e-97
-3.3883694168677e-90
-4.3368342892584e-84
-9.5572570557252e-79
-5.755586325565e-74
-1.2477015682793e-69
-1.1647603879371e-65
-5.3096597552674e-62
-1.3019126520343e-58
-1.8612872572523e-55
-1.6630730317372e-52
-9.836118998510299e-50
-4.0193212773303e-47
-1.1666336861975e-44
-2.4433009532116e-42
-3.7208902052079e-40
-4.1245709248862e-38
-3.2886722083567005e-36
-1.7899437144660999e-34
-5.1259813912349e-33
1.3371391383652998e-31
2.777762608997e-29
2.0754527839314e-27
1.101099694136e-25
4.6755715541098e-24
1.6596257514433002e-22
5.0199206167554e-21
1.3059573058105e-19
2.9338958566622e-18
5.6139256166421e-17
2.3533950769154e-16
-1.5186874000433e-15
-2.1731426479943e-14
-2.2353531488443e-13
-2.0205262280097e-12
-1.588235529506e-11
-1.0863506294051001e-10
-6.456390051426601e-10
-3.327521779115e-09
-1.4831908052286e-08
-5.6973433303754e-08
-1.8772770235636e-07
-5.2741070044596e-07
-1.2535750108819e-06
-2.4954425516935e-06
-4.1063184004693e-06
-5.4930793848491e-06
-5.8625490155227e-06
-4.9693410937133e-06
-3.7165023644841e-06
-3.7399102006896e-06
-6.0361447648252e-06
-9.7034721111884e-06
-1.216680552345e-05
-1.2017685906664e-05
-1.2394296628734e-05
-1.8244538683162e-05
-2.801913963038e-05
-3.4766842276865e-05
-3.9428291972191e-05
-5.2622025127681e-05
-7.9360667838141e-05
-0.000113625359469
-0.0001460063707433
-0.0001632724352279
-0.0001438951811855
-6.6156655139381e-05
6.6692083536931e-05
0.0002033411914582
0.0002687958504129
0.0002331732515595
0.000150192633916
0.0001122287993272
0.0001501767760656
0.0002020891416853
0.0002133219055854
0.0002008918286662
0.0001907185961173
0.0001856967047897
0.0001868126311931
0.0001816014999215
0.0001635913881629
0.0001562651624273
0.0001575890050756
0.0001274243945945
7.441100266884e-05
5.4339792426376e-05
5.9253069882635e-05
6.5043552746288e-05
0.0001120472114138
0.0001461050062496
7.9087381433575e-05
4.233978561773e-06
-1.395876399235e-05
-1.0741765185727e-06
2.279829553464e-05
-1.2130235510683e-05
3.9461580855424e-05
0.0002093436673465
0.0001934673880737
0.0002740750520236
0.0007575988159881
0.0011880244459229
0.0012163759799408
0.0007220341956081
-9.0090103709105e-05
-0.0014876662905529
-0.0038865625299427
-0.0052669867991753
-0.0051300532384478
-0.0052337133279125
-0.0043050100839157
-0.0027115699784516
-0.0018064415986614
-0.0007315556453845
-0.0006403950297632
1.8393943000509e-05
0.0020043366891691
0.0017420132184474
-0.0001873855659934
-0.0022458193466907
-0.006890312403528
-0.0030130627492202
0.03022205609504
0.051325294947368
-0.077832020430035
-0.2347387878914
0.39542451212068
1.9037789887548
2.647404642734
3.0530844321859
3.3102601210797
3.5211870413189
3.2631904856235
2.7985798305555
2.4156528459126
2.1978566536831
1.9321920909835
1.7183021225336
1.6157356138146
1.4773637075303
1.3341157525996
1.2762465314796
1.195943507746
1.0237183499426
1.0076945558902
1.0190148115022
0.86840225103444
0.73468447803329
0.80641924959863
0.6900384651912
0.63840876605221
0.63824587970984
0.58351661263956
0.48797040997757
0.48335665706345
0.46773099577004
0.40691933171733
0.41047284895699
0.39166699176008
0.38617755216057
0.3483708995291
0.27090209562131
0.32447488692737
0.31311547410002
0.2828222568116
0.27904930816733
0.28123771645996
0.26056984320713
0.23678740301891
0.20561694134464
0.21639825100364
0.2243239909939
0.23359046381879
0.23882545411507
0.18017870857108
0.19679861840771
0.21237691327762
0.20198127838373
0.16827395872729
0.1900659850234
0.16785966921375
0.19192234486596
0.1610485052276
0.14693150996514
0.20817626316845
0.15829303732389
0.15699324469995
0.20697722293539
0.15483206489968
0.14385381539963
0.18996051691786
0.14563651184893
0.13880262279375
0.14203887878246
0.16717248115024
0.15561356553713
0.14925642615875
0.15246249582894
0.14625634720504
0.14112518505511
0.12379043134603
0.15642339759472
0.14705877736825
0.16406968330767
0.14425847966839
0.14912884959228
0.14488991800556
0.13461415645688
0.11745362298772
0.12098377165763
0.1552627715161
0.14898982459286
0.12920911678078
0.10700544845452
0.12821121748763
0.097887487472104
0.075353306694836
0.054462209648243
0.0055856075144689
-0.0002111321879994
0.0008328753454911
0.0056588656619283
0.0033585342810838
-0.0027319496544997
-0.0030378643397277
0.0006238398161606
0.0012418451294849
-0.0006631124314537
0.003068924670746
0.0036714320041042
-0.0018542421569734
-0.0022405281939086
0.0007415552796707
0.0011111750708892
-0.000810552059427
-0.0003568878627291
0.0031074327405456
0.0012072006520647
-0.0027273080515755
-0.0008014222611763
0.0007874209526193
0.0001579857840106
0.0011087481938787
0.0012406450744074
-0.0005992415414546
-0.0007704682563058
-4.0743761076101e-05
0.0004959184686903
1.2743102484336e-05
-0.0006074935185118
0.0001692396354613
0.0011861896367371
0.0008002762652559
-2.6222388171959e-05
-0.0009714861916698
-0.0008739345433994
0.0001880469652881
0.0015122522613709
0.0005268721115392
-0.0008857351417646
0.00082265848933
0.0007697669612838
-0.0030994885363178
-0.000604774224211
0.0022727621499463
-0.0010626572089834
-0.0010938205680766
0.0006502881134906
-0.0010624466609599
0.0016339050738168
0.0017420515820987
0.022540386368775
0.024989720570723
0.0046102890685518
0.0020611953718941
0.0050912636371692
8.986664559174e-05
0.0037919370513784
0.010421616283374
0.0069767190799652
0.017977202341424
0.026275344901361
0.031809898286994
0.020591036992723
0.0076619301739633
-0.0003318547584285
-0.0006612646676451
0.0076001084463151
0.024269279216327
0.013178586142804
0.0072802168745945
0.0094023621170614
0.0072641429182063
0.011793871088006
0.021351051446405
0.024711098038299
0.028228978070377
0.022934908233552
0.011243004381711
1.6143884451481e-05
0.0052058316829751
0.023473570320842
0.023511489520889
0.01339837948322
0.0034239867575003
0.0007683969890592
-0.000369981832371
0.0002549812901264
-0.0001451746732605
-0.0015630563279245
-0.0013272881485449
8.92750693815e-05
0.0033500568522804
0.04789084590433
0.072853022036234
0.10141982768257
0.13134156822767
0.16560821579477
0.19011532067799
0.1894485207937
0.2069683450733
0.23169703938546
0.24458788552177
0.23556493432029
0.19273836439915
0.13387639376896
0.087487937068609
0.064015988795063
0.070032762406136
0.093889656258206
0.13400885748167
0.17961069287367
0.20321605340037
0.20792053877372
0.19691463132219
0.17034382442134
0.1467430796672
0.12825816659516
0.11111225798883
0.10407936128862
0.10705174607155
0.11242298375223
0.12354841696309
0.11626989532187
0.086631929849723
0.056772350948187
0.034330323558329
0.020998200615363
0.0076000516475716
2.6876320635694e-05
-0.0013816764328212
0.0004614621356147
0.03547520489402
0.077979811681406
0.093087626084731
0.097562659123973
0.10263763906737
0.082953783661299
0.047662756091249
0.026659227498538
0.013944329494198
0.0049778537845491
0.0038338719616782
0.0052551261961575
0.0087560190816127
0.011585002863068
0.03220850294694
0.055385636088889
0.06434782779996
0.078860482204313
0.1049800299274
0.12422995706576
0.14258298022378
0.16675458294921
0.20943129742612
0.26337625674371
0.3152399030979
0.36154012483056
0.39043287678844
0.4301645641057
0.47979491371617
0.51455025237468
0.5384758733423
0.5574432137851
0.5816987443267
0.63202494654702
0.69754608838277
0.7446245383373
0.7448754984658
0.67535018423888
0.54637483195048
0.40880593963859
0.31591535797499
0.28051011919095
0.26912126282257
0.25356390455507
0.2204758162601
0.18143218366058
0.14967628949822
0.12294621148321
0.10555840522839
0.087933356694325
0.068861413505505
0.061628338730557
0.065697832379374
0.062805952135303
0.031977982260489
-0.0006375009554027
-0.002411352135745
-0.0019204620812729
-0.0009759334794523
-0.002139518070976
-0.0027248664960844
-0.0006869255599895
0.001931816577283
0.0013246158494518
-0.0012638085684635
-0.0020756560366486
0.0002889568647468
0.0019861828089773
0.0016604361537276
0.0005989859030108
-0.0015076942738723
-0.0033855282918438
-0.0023996326268261
0.0012533746627241
0.0028868798135129
0.0012545136466535
-0.0017175772634381
-0.0031888063884544
-0.0027058396765867
0.0001198057429263
0.00302993876522
0.0030194441023035
0.0006073345654833
-0.0018449500003292
-0.0022467147567262
-0.0001979451239364
0.0020663748223626
0.0016929595221704
-0.0007400530468437
-0.0021650432772802
-0.0008429393060005
0.0008958235263811
0.0005413597030212
-0.0003875128447461
-0.0003757498631351
4.5771739198841e-05
0.0001770847529059
0.0003877162248144
0.0003490787120696
-8.8775499929028e-05
-0.0004695427116452
-0.0001602265360389
0.0005252069722239
0.0007672926587432
0.0001505469827911
-0.0006577746995084
-0.0006030470357743
8.0192833795678e-05
0.0006437590753805
0.0004769209148491
-0.000341407704596
-0.0005366771378412
0.0002127619445957
0.0006379248923771
0.0002882217485122
-9.9573343170789e-05
-0.0001063226052977
