0.0
0.0
0.0
0.0
0.0
0.0
0.0
0.0
0.0
-4.0906219561275995e-178
-2.5870118394467e-164
-4.1690983320121e-154
-6.5453192990234e-146
2.8383330960449e-138
4.8050861360542e-131
1.11261347891e-124
6.6591760113587e-119
1.3485337940416002e-113
1.1089310673958e-108
4.2462558781295996e-104
8.3887588395954e-100
9.2375050025303e-96
6.0225866178689e-92
2.4391310603672e-88
6.3680395738137e-85
1.0999724289042e-81
1.2741385159768e-78
9.8439722622444e-76
4.8187107579129e-73
1.1403815534543e-70
-2.5113228276029003e-68
-3.6027148871431e-65
-1.7837079573175002e-62
-5.8433164459595e-60
-1.4345810164912998e-57
-2.782437920847e-55
-4.3925414816869e-53
-5.7563243665395e-51
-6.3541467380428e-49
-5.980681681128401e-47
-4.8547754090018006e-45
-3.4376841950638998e-43
-2.1481979664972998e-41
-1.1981017699326e-39
-6.0236351832681e-38
-2.7507589596451e-36
-1.1460246807935e-34
-4.3616435774806e-33
-1.5147491443607998e-31
-4.7876765673465e-30
-1.3722366553417e-28
-3.5496740269762e-27
-8.2341016893604e-26
-1.6988098133455003e-24
-3.0889832326973e-23
-4.908288396415001e-22
-6.7647662895602e-21
-8.0111241276481e-20
-7.9372205718737e-19
-5.8737113496877e-18
-5.4113543671137e-18
-1.9208645738809003e-16
-3.9405395829757e-16
-2.6230962970586002e-15
-1.8446366675617998e-14
-1.1395228924140999e-13
-6.135635129509299e-13
-2.8794634573081e-12
-1.1791259683587e-11
-4.2156542093864004e-11
-1.3183783327108e-10
-3.6269711966998005e-10
-8.892387832837301e-10
-1.9882776709438e-09
-4.1698010224995e-09
-8.3131351021531e-09
-1.5390823087397e-08
-2.4934171646002e-08
-3.2776950718984e-08
-3.2898453368319e-08
-2.8542880004114e-08
-4.1400864428208e-08
-8.8049824553584e-08
-1.2895877707711e-07
-8.6983992217729e-08
6.9189762019795e-09
-4.2906620677198e-08
-3.046615155522e-07
-4.5114033937624e-07
-2.0849565150532e-07
3.7168233551705e-09
-3.6796402650124e-07
-9.1408912691708e-07
-8.7838900101038e-07
-6.2484275813353e-07
-9.8387623447688e-07
-1.6959083514248e-06
-1.9922220133133e-06
-1.6863125734332e-06
-8.7402138859716e-07
6.7379997067963e-08
4.5197275453518e-07
8.2542576246291e-08
-8.1425843082017e-07
-1.3235536878292e-06
2.6951450619872e-07
2.6412424317113e-06
1.1806738149656e-06
-3.2097826833943e-06
-3.2732759384924e-06
1.7746609785874e-06
3.8211829492263e-06
3.3319791370445e-07
-1.2764378776176e-06
1.1258809995418e-06
1.1191238630248e-07
-3.5478993201665e-06
-9.888346100273e-07
3.4891839056916e-06
7.5241507191404e-07
-2.4610656151891e-06
-9.0059765200913e-09
5.7254622987113e-07
-2.3292018730414e-06
-1.9277052343281e-06
1.2106171898285e-06
2.8529216766771e-06
1.7173882871369e-06
-2.5919384194495e-06
-4.6052950120057e-06
5.4386037340315e-07
3.5614012683371e-06
3.8594580309415e-07
2.8651730987762e-08
5.0643361726444e-08
6.3044776621446e-07
4.6018050980923e-06
-2.8918954952939e-06
-7.7015426591664e-06
7.3265343569773e-06
7.9600569691252e-06
-1.4540487924819e-06
9.8440552709356e-06
1.5309172640698e-05
6.9745211939143e-06
9.3799837896924e-06
2.2030192536882e-05
3.2778770786557e-05
4.6598424274791e-05
7.5069693983298e-05
8.0480997399768e-05
6.2521915589198e-05
6.4162857782435e-05
3.4319302344432e-05
-1.3138174781435e-05
1.7377495886706e-06
2.1233628755279e-05
-3.9063968571007e-05
-0.0001011071838585
9.0315772527384e-06
0.000117952620593
-7.548585356787e-06
-4.3909671010311e-05
9.2265413209613e-05
4.6278395993138e-05
-2.2150389400455e-05
7.7587481961405e-05
-7.135221696819e-06
-2.2690368348122e-05
0.0001453385016413
-2.5934776191894e-05
-9.6189462256424e-06
0.0008613346773489
0.0016412555149448
0.0017679885809585
-0.0068637857499332
-0.0029763132915917
-0.0004730448781353
-0.0001042294387021
7.3053173954581e-06
-0.0021845562163003
0.012266452253784
-0.0069313160212303
0.0028391969545183
-0.0043216767610765
0.0090801536186014
-0.0082335477577633
0.0026299968922672
-0.0012635238259673
0.004414449040846
-0.0058851093618362
0.0034786613432924
-0.0015578460924814
0.0024026650315534
-0.0029655897499481
0.0009771862790497
0.0010967011694785
-0.0006729304792507
-0.0015423804721859
0.0031289402378842
-0.001932638630997
-0.0002845596767997
0.0010503946886953
0.0004518156385469
-0.0020065275375014
0.0015731674715358
0.0001288556241263
-0.000979426654224
0.0002659345929689
0.0002620431291067
0.000767790945888
-0.0008110923078064
-0.0010287336476011
0.0017946383122691
-0.0002935696314487
-0.0010208633149045
0.0008687374486893
4.4720996195125e-05
-0.0005062697915114
-0.0001286982777237
0.0008025817550549
-0.0003599457479186
-0.0007906149156022
0.0016878112536034
-0.0012080215297861
0.0004684868426752
-0.0012642614383163
0.0023267213133726
-0.0016691674735947
0.0004664335864657
-0.0002781188977785
0.0007453858581252
-0.0009706779271478
0.0006257238848395
-0.000415871412196
0.0006474031463588
-0.000450343191849
-0.0006915212715785
0.0017203986675707
-0.0007599711768557
-0.0005773563991562
-0.0001074416882573
0.0014807706574249
-0.0016560921834774
0.0003568100632067
0.0005693052025801
0.0005625022544197
-0.0015754784328692
0.0005474231176805
0.0009366885760586
-0.0006223606742183
-0.0007484932482482
0.0006592304561126
0.0007584747202749
-0.00078960283445
-0.0005274135791655
0.0008141060503064
9.9261645147841e-05
-0.0004358115269997
-0.0004468927531586
0.0008723736386828
-6.3636833358418e-06
-0.0005230356778351
-0.0002817289602052
0.0013494665341618
-0.0008666275155389
-0.0005392904859569
0.0007350344773393
0.0001457733142307
-0.000347567248693
-0.0003062225390704
0.0002931390985727
0.0004120541589047
-0.0006002629312495
-3.3810641009158e-05
0.0006408155259429
-0.000534679361952
-5.5342343552311e-05
0.000340480435812
0.0001306668038547
-0.0006092439733596
0.0002695776661121
0.0002776584611452
-0.0002230475581788
-0.0001751609011724
0.0001902983144064
0.0002434801833706
-0.0004763729044565
7.4252706139256e-05
0.000482198084728
-0.0004053929306691
-0.0002711598301563
0.000464100911357
0.0002037311147118
-0.0004787062473976
-5.6345506238564e-05
0.0004374667584627
-0.0001504380523154
-0.0003674625907557
0.0001778123211893
0.0004103525704235
-0.0002366483681459
-0.0004124146970596
0.0004000240285573
0.0004478660948215
-0.0007310541626726
-0.0001152739114274
0.0006600634013309
-0.0002631811173325
-0.0003748415643545
0.000302080548592
0.0002603947292567
-0.0003105539268466
-0.0001286994292915
0.0002696272243918
0.000229710948596
-0.0004307921815827
-0.0002445471913414
0.0006717864841854
-0.0001090255851876
-0.0003550120888207
0.000185529491492
0.0001738255314132
-0.0002685649634348
3.879809933327e-05
0.0002026474180683
-1.2059917198215e-05
-0.0001810250676803
1.8164601806036e-05
0.0001176325903101
-0.0001611572619214
-0.0001389196735812
0.0001144505680283
0.000245698749654
-0.0001756390288681
-0.0001068558639044
0.0003155439036256
-0.000128129532137
-0.000216350077975
6.1387321945161e-05
0.0001308851510423
1.2077878552841e-05
-0.0001355665086799
0.0001247950190991
0.0001581400930345
-0.0002045425339575
-0.0001082006773622
0.0002104068228203
-9.8134586509757e-05
-0.0002186141386223
9.9900009190024e-05
0.0001868745364896
-7.7184636707028e-05
-0.0001620100023941
0.0001333459330732
0.000225007922458
8.8889070004594e-05
0.0002699710733217
0.0002237872885252
2.0990711765978e-05
-0.0001794037905372
-0.0005516808769423
-0.0002759487574555
-7.119053551663e-05
-6.3501013219947e-05
0.0003129620193942
0.0001078510979912
-0.0003487608087826
-0.000277827336631
-4.8161626448051e-05
-6.6556241135052e-05
2.1915249120985e-05
0.0002610474797326
0.0004035640711608
0.0001335053183171
4.7082292897738e-05
-3.5499389655636e-05
-0.0002126071953101
-7.9225109234082e-05
0.0002215749365597
9.2654787980928e-05
-0.0002154480965688
-2.1356381946225e-05
0.000190949522566
-0.0001052479383034
-2.9169935250595e-05
-2.4007503418577e-05
-3.4674601157025e-05
-5.5865066833638e-05
0.0001501916252755
0.0001438711067947
-0.0001662982734185
-0.0001302548635562
4.3718225822831e-05
0.000112790936152
0.0001047726404301
-9.4092557739733e-05
-0.0001065529677712
-4.5425059475024e-05
2.7759734039234e-05
3.2573297792382e-05
2.5224135014046e-05
8.3270821682468e-06
-3.1993187654679e-06
-3.7459232593573e-05
4.3844327740628e-05
1.6555327581047e-05
-4.675527708331e-05
8.9621846310894e-05
0.0001037557500027
-0.0001126755409974
-0.0002486631293485
-3.4523917447071e-05
0.0003099169731291
0.0001250047101109
-0.0002905559721655
-0.000154154523102
0.0001873408563724
9.1471482693839e-05
-0.0001470878619791
-0.0001217010048626
0.0001006005526604
0.0001881162418393
0.0001387728780888
-0.0001404669207172
-0.0002642947428799
5.7487514382171e-05
0.0001526604936741
8.9399795594192e-05
4.9871341945007e-05
-8.9642460415762e-05
-0.000164305134237
-3.5664695147153e-05
8.4960738283568e-05
0.0001420768460547
1.3433191919932e-05
-0.0001744010435289
-8.3288741614673e-05
0.0001442712722177
0.0001636944860605
-7.4192699422992e-05
-0.0001885525521661
7.9345951631282e-05
0.000190884235296
-0.000141430727113
-0.0001722669009329
0.0001371442879205
0.0001108566472063
-0.0001454972543446
-7.7018264510453e-05
0.0001645647999926
5.3179983022789e-05
-8.8328655717396e-05
-1.941630413671e-05
6.7821237770271e-05
2.1608822398101e-06
-0.000165961391918
-4.8312815881246e-05
0.0001645876167966
0.0001031223422154
-6.6241854035365e-05
-0.0001094539198276
-1.1806576138973e-05
5.8975744288148e-06
-3.8017014536429e-06
6.7695974181881e-05
0.0001271285110071
8.8063733949539e-05
-4.0753490943013e-05
-0.0001432068338913
-0.0001689477343969
-7.9372422079338e-05
4.0786866434273e-05
0.0001416433033418
0.0001497718495169
5.4023277878956e-05
-7.2015200347497e-05
-0.0001517703602294
-6.0880464863855e-05
9.8933721009997e-05
