0.0
0.0
0.0
0.0
0.0
0.0
0.0
0.0
0.0
-1.0385839519489e-180
-6.9375200275131e-167
-1.1831373397941e-156
-2.0078348308557e-148
8.3851945339527e-141
1.5201587537104e-133
3.6879628472165e-127
2.3040320101283002e-121
4.8609567281173e-116
4.1572210837655004e-111
1.6530242581643e-106
3.3872810651111e-102
3.8658826150656004e-98
2.6108710418564e-94
1.0950459513683e-90
2.9612507093903e-87
5.3028129659841e-84
6.3811562975432e-81
5.1458434402972e-78
2.6641097732672e-75
7.1408967694583e-73
-8.7838315480672e-71
-1.8529088832846e-67
-9.8378820874079e-65
-3.3671711796915003e-62
-8.566166245645801e-60
-1.7150887590245e-57
-2.7890884324814e-55
-3.7602583747654004e-53
-4.2664287744385e-51
-4.1242860130405e-49
-3.4353921359983e-47
-2.4935271311079998e-45
-1.5951691126540998e-43
-9.0953297074593e-42
-4.6692744322434e-40
-2.1755250387546e-38
-9.2457586889838e-37
-3.5910839638112996e-35
-1.2739703212561e-33
-4.1187861516053005e-32
-1.2095625821519e-30
-3.2126808859563e-29
-7.6733392625006e-28
-1.6358212369137002e-26
-3.0861138621841003e-25
-5.1100594604607e-24
-7.373438884668599e-23
-9.1998261822533e-22
-9.750777148986201e-21
-8.182146721702201e-20
-3.3612748691737e-19
3.5203081845412e-19
-4.4463874687852004e-18
-3.298547297965e-17
-2.5784817358416e-16
-1.7038420183958e-15
-9.8448772637719e-15
-4.9788080495735e-14
-2.2095446128212999e-13
-8.6207142151198e-13
-2.9637413505540996e-12
-9.0175587991206e-12
-2.4490242385974e-11
-6.0245026656415e-11
-1.3695959447372e-10
-2.9300016343269e-10
-5.9156306724175e-10
-1.1050969531432e-09
-1.8466596208882e-09
-2.6867960497212e-09
-3.4425222633346e-09
-4.2685762163869e-09
-5.8875783689403e-09
-8.748774713132e-09
-1.1608469589598e-08
-1.2432468957834e-08
-1.2443275537545e-08
-1.6882166703179e-08
-2.7221384578114e-08
-3.5816481824081e-08
-3.7263071490847e-08
-4.1063212533239e-08
-5.8412339598221e-08
-8.2122443212948e-08
-9.9971498422548e-08
-1.1903728756391e-07
-1.5361746711858e-07
-2.0137049355816e-07
-2.4812919270211e-07
-2.7997871947802e-07
-2.8841216484585e-07
-2.7981216316674e-07
-2.7220878629375e-07
-2.8182350309252e-07
-3.1188324874781e-07
-3.2810325860302e-07
-2.8552882080923e-07
-2.2884475532267e-07
-2.6079026739512e-07
-3.5640926933367e-07
-3.7216408810443e-07
-2.8592928776397e-07
-2.3293554246226e-07
-2.5799475433449e-07
-2.583772121395e-07
-2.3167026019788e-07
-2.8422115040325e-07
-3.5318811332508e-07
-3.0673054258329e-07
-2.4339309238203e-07
-2.8014566235551e-07
-3.1438578254606e-07
-2.9516817569297e-07
-3.2104831509255e-07
-3.8387875735818e-07
-3.8910304208523e-07
-3.3129530744441e-07
-2.686983836403e-07
-2.8094364415421e-07
-3.8752820893939e-07
-4.4150728138736e-07
-3.6986899511204e-07
-3.212898004451e-07
-3.2557053965265e-07
-3.1857948151748e-07
-3.2053608886584e-07
-2.4314745705745e-07
-2.0284803660397e-07
-3.8444573563501e-07
-3.8531240664774e-07
-1.3599455034319e-07
-9.4340477124753e-08
-6.6480174976111e-09
3.5974907749981e-07
6.2750786133936e-07
8.0241876629361e-07
1.2036780094593e-06
1.9123828498557e-06
2.8925012044712e-06
4.4402814578237e-06
6.4822157286593e-06
8.2288512356365e-06
9.798559308577e-06
1.1110231068534e-05
1.1239650688943e-05
1.0991942140187e-05
1.1414296570755e-05
1.1285443520442e-05
9.2412508953255e-06
7.8606391333558e-06
1.0004488432219e-05
1.153431718387e-05
1.0271637712805e-05
1.1097029223556e-05
1.3247658102594e-05
1.3059933822862e-05
1.3843213799825e-05
1.5145627752122e-05
1.3975468501001e-05
1.609638237606e-05
1.7847210284277e-05
1.6158542289299e-05
2.5981544695922e-05
6.068835025802e-05
0.0001092532067605
6.6552978802231e-05
-0.0001313696652475
-7.6801777423141e-05
-0.0002119578879795
-6.3465164265808e-05
-0.0002207269927152
1.6928620267143e-05
-8.5732866338393e-06
2.0563344732105e-05
-8.5553822198659e-05
6.2366369026123e-05
9.8617230424037e-06
-3.4419534026942e-05
-3.0284149215798e-05
3.525229868917e-05
-1.3379225836996e-05
-3.2235048172402e-05
-3.0490901425928e-06
5.4004070170199e-06
-1.9881164028401e-06
-3.9949178014975e-05
8.1961027679212e-06
6.4796586697335e-06
-3.7575206878526e-05
1.1584465764436e-06
1.6454268786825e-05
-2.5989805543025e-05
-7.9291777649315e-06
1.6870903197463e-05
-1.2585445301139e-05
-1.6863617059215e-05
1.2427016813032e-05
-5.8885324405456e-06
-1.3812356054355e-05
-4.9813707451163e-06
6.7586304715039e-06
1.1285559486041e-05
-2.3816213813421e-05
-5.7945485374411e-06
1.7536241636029e-05
-9.4038280786801e-06
-7.4047221608753e-06
9.1633791046153e-06
-3.6941480261454e-06
-8.3621881030727e-06
-3.0855827610754e-06
1.3213342528406e-05
-1.9804128129075e-05
9.5396445575768e-06
5.1559397695744e-06
1.5838967581394e-06
-1.643639915988e-05
3.9489322675723e-06
1.529334688094e-05
-1.1853179348709e-05
2.1727729063725e-06
3.6885501630834e-07
5.092545714791e-06
-1.0095981046343e-05
5.8136727674185e-06
-6.0234412329607e-06
1.5280001610551e-05
-2.2688104056701e-05
1.1270952220088e-05
1.3159073087132e-05
4.0526402078634e-07
-1.7942200482512e-05
1.4253700577282e-05
3.2980902358593e-06
-1.4961335200236e-05
4.5922953872956e-07
1.7919297458258e-05
7.2314148596986e-07
-1.6990583408927e-05
1.1968033473031e-05
1.228237112616e-05
-8.88191893339e-06
-9.0964269261473e-06
1.3745840782287e-05
1.2058119995384e-05
-1.0995123824464e-05
-1.6328774299912e-06
1.0075001144083e-05
5.5188425767683e-06
-9.924129973693e-06
-5.6996986108615e-07
1.1627917697044e-05
3.2519119574914e-06
-1.0912787083928e-05
7.9769308576338e-06
1.6599532100675e-05
-1.1337760689817e-05
-1.0821012037254e-06
9.0939760770403e-06
6.4194959963348e-06
-4.3457857950013e-06
-3.1674940648985e-06
7.4429879582949e-06
5.104024695668e-06
-8.1047493318553e-06
6.395690643396e-06
4.830372008241e-06
-4.1907803100261e-06
8.8215264487657e-07
8.7805665549279e-06
-1.0110614567789e-09
-5.2200981935369e-06
5.4341960574467e-06
3.9632768918385e-06
-1.301158274597e-06
-1.6273268394484e-06
6.4151165575788e-06
1.8300916018454e-06
-5.3123401730359e-06
5.3981987018226e-06
5.811638942671e-06
-5.9469868967099e-06
-1.3468039165021e-06
8.7730897360139e-06
3.6924220916112e-06
-5.2033882161073e-06
2.6883718020343e-06
6.3744719840109e-06
-2.1632636260649e-06
-4.7947345067079e-06
4.9999594243233e-06
7.0470732035088e-06
-3.5683395725183e-06
-3.7354722131622e-06
1.0895272669592e-05
5.2115247071716e-06
-9.1943150018342e-06
2.5441365488488e-06
7.483560491725e-06
-3.8040091747404e-06
-3.6024550305325e-06
5.521867860403e-06
3.717442098275e-06
-3.3417024870169e-06
-3.4180507814396e-07
6.923778763171e-06
4.4091666383111e-06
-7.7559877470212e-06
1.0748186347193e-06
9.3616529865531e-06
1.346254973611e-07
-1.1597922084383e-06
5.0805456946051e-06
2.7273419715562e-06
-1.1484072215823e-06
3.5250680574528e-06
5.6862164301424e-06
2.7674116042514e-06
9.1140223881789e-08
3.1632127716966e-06
2.140151009633e-06
-2.2899144544522e-06
-2.5785117778732e-06
3.1013580351e-06
4.0213329264085e-06
-1.5712619558725e-06
2.8540011427491e-06
5.6943415059491e-06
-5.0482913385025e-07
-1.7388591530901e-06
1.0134918146804e-06
3.2264824069358e-06
8.0034447641486e-07
5.1783876366812e-07
5.295239305321e-06
4.290769320292e-06
-1.016327016691e-06
1.5881512163557e-06
3.4840506543329e-06
-1.945620814861e-06
-3.2249303123857e-06
1.4071673876057e-06
2.7336462733729e-06
-1.2789725974127e-06
-1.616896740983e-06
3.9733915615236e-06
7.3633620451818e-06
1.1691039308107e-05
1.8776301032732e-05
2.1231470812781e-05
1.9626585218868e-05
9.4764545578441e-06
-1.8510673359673e-06
-4.634740636042e-06
-7.1631685544527e-06
-3.4401714190807e-06
3.172058143569e-06
-1.070741293116e-06
-9.9101679783969e-06
-1.3237328987836e-05
-1.4484431774889e-05
-1.5363906777116e-05
-1.1725933220685e-05
-2.472332946174e-06
4.331381106587e-06
5.7432720538819e-06
6.3967682715493e-06
2.6663384428832e-06
-1.4954313947296e-06
8.4608865065505e-07
5.8872452661923e-06
3.2250866884298e-06
-2.8896020928814e-07
2.896496227589e-06
3.1073444091978e-06
2.0093867638543e-06
1.4873478353383e-06
9.8059984049437e-08
-1.2316413591784e-06
7.0370379022522e-07
4.7489537227802e-06
3.92086835177e-06
-4.6120867423782e-07
-8.8078498175492e-07
9.7702732564098e-07
4.0317830468234e-06
4.192941164563e-06
1.0888568483386e-06
-7.01659542926e-07
-8.634507092653e-07
4.212665592751e-08
9.4600047777227e-07
1.0328194481601e-06
1.3161370118614e-06
6.6621800232092e-07
6.3652282406012e-07
1.8277537669198e-06
9.7394131136353e-07
1.5255689343741e-06
4.5312621188703e-06
4.3491426739983e-06
-8.4217371550121e-07
-4.9048410340341e-06
-5.5400166494579e-07
5.9533660761862e-06
2.8408433400684e-06
-3.848790196187e-06
-2.4647105551084e-06
1.7751198735233e-06
5.2547508999634e-07
-3.495906067949e-06
-3.4915404131114e-06
6.1791297216451e-07
4.9251731750188e-06
5.039415676103e-06
-1.34279013915e-06
-3.7328470257891e-06
-2.2911825567351e-07
2.6323000233558e-06
4.4365674233132e-06
3.9383063795417e-06
2.2790790152327e-07
-2.3429002868613e-06
-1.4297640108518e-06
1.6716337742084e-06
3.9383290102585e-06
1.3503072694432e-06
-2.3724358555188e-06
-1.2239581828055e-06
3.3200435499842e-06
4.3855539999527e-06
2.1913678022178e-07
-1.3456540254447e-06
3.2920335128334e-06
3.7637416165914e-06
-1.4035970249959e-06
-1.3873920214069e-06
2.6812101429768e-06
1.7271360756577e-06
-1.8604189584714e-06
-1.0831517563425e-07
3.1917135528137e-06
2.0731642624422e-06
5.8823541183861e-07
1.4220806935916e-06
2.6889566436539e-06
2.0731042431332e-07
-3.0380051993656e-06
-9.3424450865742e-07
2.8621261610462e-06
3.0474205718473e-06
3.8724079186314e-07
-1.0658197528018e-06
-8.5543463294868e-07
-9.9994396778047e-07
-2.0637718893546e-07
2.427682806852e-06
5.3351351357311e-06
5.8163256584087e-06
3.2762930586849e-06
-8.8703965131498e-07
-4.0598071212317e-06
-4.3740943631437e-06
-1.8808875704851e-06
2.0433208818421e-06
4.5976247266405e-06
4.2287531764607e-06
1.0870303864818e-06
-1.8304319850393e-06
-1.0256794394647e-06
