0.0
0.0
0.0
0.0
0.0
0.0
0.0
-1.4040205948513e-132
-1.0837311958695e-121
-6.2048056813704e-114
6.802629407487101e-106
4.686818986627201e-99
2.9529554462430002e-93
-1.3636533166546e-87
-4.2952470190184e-82
-2.6208180893114002e-77
-5.4932298709759e-73
-5.0024463872591e-69
-2.3042967490325e-65
-5.936188506112901e-62
-9.0981645343257e-59
-8.643996498354499e-56
-5.2697833802764e-53
-2.132042207369e-50
-5.9165435087412e-48
-1.1620262947389999e-45
-1.6623800022185e-43
-1.7775753804959e-41
-1.4537952407118e-39
-9.286705086844999e-38
-4.7320004297727004e-36
-1.9746855533848e-34
-7.0432679798603e-33
-2.3114735274907e-31
-7.6718134174697e-30
-2.6928883659921e-28
-9.503946279366e-27
-3.1054426138789e-25
-8.8099119991092e-24
-2.0225523137614e-22
-3.3490414538348003e-21
-3.1656770838700004e-20
-2.6037611393045002e-20
2.3762602067460003e-19
5.8716913865266e-18
4.4460324445136e-17
3.1936666475284003e-16
2.4003303085851e-15
1.9433922783772e-14
1.5338342586283e-13
1.0711151111425998e-12
6.320200769705099e-12
3.1029633149813e-11
1.2624910431117002e-10
4.2533055564883004e-10
1.1868495653244e-09
2.7507950653977e-09
5.3497515997994e-09
8.9573673684084e-09
1.3512195508143e-08
1.9201136495023e-08
2.5745857174068e-08
3.1604530893894e-08
3.6757271932774e-08
4.6753374984392e-08
6.6435332925886e-08
8.7554043895331e-08
9.9400814780387e-08
1.152778744708e-07
1.5655667368031e-07
2.1055845560706e-07
2.5500325659508e-07
3.0956439078366e-07
4.0391392502903e-07
5.3681198395076e-07
7.0311007679372e-07
8.9514037103955e-07
1.0928901288589e-06
1.288104237772e-06
1.4543041091737e-06
1.5594136176028e-06
1.6519584856711e-06
1.7705686793292e-06
1.8503742960667e-06
1.8954017701519e-06
2.0301433825507e-06
2.2637961092798e-06
2.4224324000448e-06
2.4271557605114e-06
2.4699394241996e-06
2.6605463993232e-06
2.7980185606791e-06
2.8723228638755e-06
3.1163409014642e-06
3.3788642541666e-06
3.435106711254e-06
3.5403950538332e-06
3.8478984475468e-06
4.1286126830353e-06
4.3468683961906e-06
4.6611028157173e-06
4.9792670761134e-06
5.1968264760671e-06
5.4846594974706e-06
5.8197282617467e-06
6.2101346948729e-06
6.8535413095816e-06
7.2822690511953e-06
7.4207807773397e-06
7.7346243453902e-06
7.7866337437893e-06
7.8409903302157e-06
7.7762264378278e-06
6.2750736762596e-06
4.3202655577446e-06
2.1004134061198e-06
-1.628483682431e-06
-5.567720427091e-06
-8.710893368985e-06
-1.0463643403097e-05
-1.0801928367971e-05
-9.0854921699357e-06
-4.2252640876372e-06
-4.3801156826561e-07
2.4130925817822e-06
5.3924636088942e-06
5.4523659467898e-06
6.6317816431461e-06
4.9699865080771e-06
-1.5194661662915e-06
2.6355600719619e-06
2.635921789378e-05
5.1955957256603e-05
-5.7332865522966e-06
-0.0001154117339903
-0.0001910822421365
-0.000141314184122
9.7194236044151e-05
-5.3581423153371e-06
3.1031470573928e-05
-1.1826832576112e-05
2.8320844715213e-05
-7.6527373962965e-05
-6.6022265531317e-06
-9.5005291239514e-05
5.5115470966927e-05
-8.3497105400343e-05
-7.7042500408187e-06
3.4253668857287e-05
-4.9109430549421e-05
-3.5547328533114e-05
1.7110756550198e-05
-2.5892308942954e-05
1.3545871814957e-05
-5.2550853161359e-05
2.1804343804832e-05
4.7533473505057e-06
-2.5297319554196e-05
-1.7600515222205e-05
4.2328706392258e-05
-6.1548762471331e-05
3.7591204927689e-05
1.1896074831874e-06
-2.9154106095608e-05
6.5532152904724e-06
7.5206626293789e-06
-1.1557995064859e-05
1.3820761967653e-05
-2.3013169829889e-05
1.8964458003867e-05
-1.0624696881234e-05
-8.4657701074353e-06
1.4604591664913e-05
4.9072549073159e-06
-1.4872775302432e-05
1.0801084793122e-05
-4.9485941089333e-07
-8.7478046334466e-06
1.4201295496619e-05
2.8713819538729e-07
-1.2062380643829e-05
1.6759128094734e-05
-1.804898538349e-06
-4.863885986528e-06
3.4031779754529e-06
4.7876768764776e-06
-6.3166254371805e-06
1.4883050895087e-05
-3.2427218983611e-06
-8.7294858315545e-06
1.5168494304246e-05
2.4792898221104e-06
-9.0140167848529e-06
6.9162514388932e-06
6.8755463439874e-06
-4.6749138858937e-06
-6.4231156214623e-06
1.8706994972112e-05
3.6245035298643e-06
-1.3129983245902e-05
1.378802770069e-06
2.0358823221739e-05
-7.2428845777073e-06
-1.6006735588659e-06
1.3687073682211e-06
1.1330861267811e-05
-2.6934262781775e-06
-1.4026177030557e-05
2.0491404689099e-05
7.075125797118e-06
-1.5579168658214e-05
9.3553447924333e-06
1.1845163072732e-05
-1.240886916154e-05
7.7784085745075e-06
2.5903723195886e-06
-1.8402002214535e-06
7.9826381122056e-06
-1.5111703827314e-06
-9.0693340577819e-07
9.2438583735588e-06
-2.2505145377411e-06
-5.7702271209631e-06
1.208936149065e-05
3.0972860073641e-06
-2.2316480202123e-06
-1.5074649700186e-06
9.7815600870466e-06
9.2690843454813e-07
-6.8450909672807e-06
3.9631870982632e-06
9.4307385483383e-06
-1.1031512059528e-06
1.8552419459098e-06
5.4417151057334e-06
3.0099736327421e-06
-1.8205215052483e-06
4.0570935541731e-06
3.5011286104517e-06
-2.1211388517156e-07
-1.9726472719195e-06
5.4283091773105e-06
1.8871651546182e-06
-4.2271583084105e-06
7.2992969568711e-06
3.3455388742179e-06
-7.5807628342542e-06
6.4073854128127e-06
8.0895594851485e-06
2.2717748473997e-06
-5.5591557302573e-06
1.3272150160559e-06
5.9047840273579e-06
-4.0507973523424e-07
-9.5303274176562e-07
7.2357527106867e-06
3.3527647166423e-06
-3.9675405265754e-06
3.7378623599996e-06
2.3058226394923e-07
3.3829735274216e-06
5.1158001344309e-06
-1.8300431379806e-06
-5.3863714995217e-07
2.2789433585732e-06
1.7587059578834e-06
3.3436287167378e-06
-8.0413012703076e-07
-8.2812145187073e-07
7.5623634611562e-06
2.9934912396737e-06
-1.8585756373576e-06
5.3668324821177e-06
1.9759050871662e-06
-6.2983299470402e-06
2.0381748514452e-06
4.5336164643146e-06
-3.9854748206877e-07
2.6646665019711e-06
6.2909151455591e-06
1.5198256560524e-06
-3.4990415076382e-06
2.1892864538603e-06
5.5194984696916e-06
-3.2293298991657e-06
-2.1497268804481e-06
7.8396749446132e-06
4.2098482684432e-07
-1.94426946723e-06
5.2797961499259e-06
3.2421188931042e-06
-5.4713052454608e-07
-2.3407489738014e-06
1.763728028752e-06
4.8620622618376e-06
-3.7236111696554e-07
2.6412773329182e-06
4.9851936530041e-06
-3.8384765147876e-06
-2.7954382664911e-06
3.5027911666152e-06
1.3470494591164e-06
1.6403985948358e-06
2.561006066075e-06
3.9784757575791e-06
9.3704380443871e-07
-3.8241866901498e-06
2.1122272082161e-06
2.5560139616729e-06
-1.8537018995918e-06
8.7007082165414e-07
4.8242592181509e-06
1.3220691343456e-06
1.5049205966469e-08
2.8502646964232e-06
2.0775690932808e-06
-2.5926013234433e-06
-1.6052824690256e-06
3.6674379134856e-06
1.7266465060228e-06
-2.1532068128598e-06
8.4229489558455e-07
3.495584626978e-06
3.2365050900325e-06
2.2935569278792e-06
-3.070069399317e-06
-4.4584910399471e-06
1.9375665120669e-06
-6.0356199219069e-07
-6.3995205057017e-06
-4.2360380229436e-06
-2.6239294528656e-06
2.8404274413432e-07
5.4677114590187e-06
7.2001603882779e-06
8.784120801783e-06
6.6685421510337e-06
2.323525348201e-06
-1.6394758171057e-06
-5.3846623292303e-06
-2.8077159558715e-06
2.9612521712241e-06
3.4110420672334e-06
2.6023358001837e-06
2.9506271400637e-06
-2.1559252939701e-06
-1.6739186424197e-06
6.3808744948657e-06
7.4292191063197e-06
3.8273381872955e-06
9.6710027272518e-07
4.3887405765108e-08
1.3573705916481e-06
3.6474730317482e-06
4.4349617112083e-06
3.2727735730098e-06
-5.7584343737814e-08
-1.2070004928866e-06
3.1832739168236e-06
3.9840329208729e-06
2.1697246794516e-06
1.4851200277888e-06
1.5986598806417e-06
3.1044841657391e-06
7.4077229585412e-06
3.917078912008e-06
9.0892854287539e-07
3.7630398222466e-06
2.7368671129402e-06
2.2060772606469e-06
1.5770713492902e-06
1.7160707323494e-06
3.2066317224855e-06
2.9429272980219e-06
9.2657125577711e-07
2.7984075057774e-06
6.7681453931323e-06
4.9386725555767e-06
1.6661458804301e-06
-3.3594095283362e-08
1.7535345487318e-06
2.4997368451851e-06
4.4526792428723e-06
5.3895472562071e-06
3.6167473740911e-06
-3.1989054977144e-07
3.1479390024125e-06
6.5734059740419e-06
5.6777038658362e-06
4.3477807872283e-06
4.4433049242731e-06
4.3131220168746e-06
3.6871284132545e-06
-5.7456416213686e-07
-3.4758198342311e-06
-5.8877810567015e-06
-2.3763397147825e-06
6.3727117092238e-06
1.3527196958074e-05
1.8686967337478e-05
1.9431739747278e-05
1.1020204610968e-05
1.3874595316543e-06
-2.9218672308318e-06
-2.7131814974712e-06
-8.2940728673986e-08
3.0188004042087e-06
1.1885247582777e-06
2.0892995845068e-06
2.8134583671124e-06
3.2037637078819e-06
3.0110563913333e-06
-6.695803789758e-07
-1.2087639324476e-06
3.4102017406612e-06
5.9820393767951e-06
2.3862731526325e-06
1.8523395167724e-06
1.3275122390799e-06
2.4442391539647e-06
2.1913477366575e-06
1.0344361457415e-06
5.0128606406963e-06
5.1494277932274e-06
2.0612513681462e-06
3.5428078215549e-07
2.5559173162937e-06
4.6654785084144e-06
2.9266606124678e-06
1.5435789395557e-06
2.772660593342e-07
4.4749792332821e-07
4.0650362080896e-06
5.1843752971181e-06
5.0841590790718e-06
4.2258439802989e-06
1.8765368043905e-06
1.1665437090191e-06
2.5842255919062e-06
5.6073829538539e-06
6.426012647831e-06
2.810360445471e-06
3.6927773888751e-07
6.6363621981091e-07
3.4515115843181e-06
5.3582484177417e-06
3.0637036704806e-06
-6.1693325564827e-07
-2.9921058014581e-07
4.0027722708613e-06
7.0561536294478e-06
6.0504209051238e-06
2.0911482420671e-06
1.1163188825547e-06
2.4597751666078e-06
4.9276442215529e-06
5.5492272023616e-06
3.3119677463334e-06
1.0290730718121e-06
2.9962899865676e-06
6.4486201573066e-06
6.7561427110063e-06
4.3427167749077e-06
2.0853713871283e-06
1.8786291678952e-06
4.0380121873462e-06
4.7481395319959e-06
3.9129953451345e-06
3.0307549474529e-06
2.267868039918e-06
2.9053387693434e-06
5.478953933824e-06
5.9533182954485e-06
4.4853376251486e-06
2.967014379629e-06
1.7203839622337e-06
1.5874859984333e-06
2.6655599284497e-06
4.1152812506606e-06
5.0099638835288e-06
