0.0
0.0
0.0
0.0
0.0
0.0
0.0
0.0
1.8429354338573e-176
1.3399968952331e-160
9.470405905084701e-150
7.193508016139e-141
3.3024255079442e-133
2.0851022916779e-126
2.9168580131074e-120
1.2231688334423e-114
1.8788327980405e-109
1.2156629161687e-104
3.6844229906476e-100
5.7245292476816e-96
4.9714781083005e-92
2.6459527131188e-88
9.5223562954969e-85
2.5208806147163e-81
5.105250375705499e-78
7.8733049710764e-75
9.1047366770798e-72
7.8594647285452e-69
5.1039480008838e-66
2.5301520501164e-63
9.7384568408098e-61
2.9600891669725e-58
7.219137084889e-56
1.4331336186109e-53
2.3458392879256e-51
3.2024289891026e-49
3.6831666899339003e-47
3.6009334378855e-45
3.0166168098671e-43
2.1808548901436e-41
1.3693384127587e-39
7.5106913697655e-38
3.6175249388027e-36
1.5373855515094998e-34
5.7902065422445e-33
1.9403804289728e-31
5.8070797903758e-30
1.5572869446980999e-28
3.7536568415012e-27
8.1551136305986e-26
1.6010074132745e-24
2.8466135356107e-23
4.5928870340919e-22
6.7327962972438e-21
8.9383935815173e-20
1.0377221502934e-18
7.7171220862605e-18
1.2502577952368999e-17
-6.6167271041195e-18
-1.2741797415469e-16
-8.695425510376e-16
-4.6321885519485e-15
-2.0048907171805e-14
-6.2192943341845e-14
-4.6308969517654e-14
1.1218706469464998e-12
1.0748285642038e-11
6.5807960493095e-11
3.2018521868584003e-10
1.3152835794351e-09
4.6751731295971e-09
1.4545842878779e-08
3.9836102074759e-08
9.6283496400127e-08
2.0564428591747e-07
3.8862519435975e-07
6.5181651734058e-07
9.7767376667407e-07
1.3327628063801e-06
1.699218780646e-06
2.107132676687e-06
2.6302903223635e-06
3.3371060101709e-06
4.2440694721335e-06
5.3315787254333e-06
6.6196586826039e-06
8.2245679243716e-06
1.0319385541611e-05
1.303388059332e-05
1.6453393378397e-05
2.0797076284205e-05
2.6552838065574e-05
3.4276113010016e-05
4.4183342275629e-05
5.5903964675453e-05
6.8350884550384e-05
7.9606682735635e-05
8.7391312209118e-05
9.0494284253981e-05
9.0086381562988e-05
8.9266057013512e-05
9.0711007625837e-05
9.4379493315618e-05
9.773365680171e-05
9.8679076318915e-05
9.7939491370697e-05
9.775493694729e-05
9.8784667484261e-05
9.9827117952001e-05
0.0001002946420304
0.000100916967802
0.0001020742809174
0.0001035423412698
0.0001056990840524
0.0001093283402084
0.0001146774367839
0.0001212270767448
0.0001276562671405
0.000132782878095
0.0001370477186103
0.0001416055842149
0.0001468039691569
0.0001531977218671
0.0001613946276718
0.0001699498447231
0.0001771117917829
0.0001837678861634
0.0001914307807129
0.0001999593940621
0.0002090365342947
0.0002196977588098
0.0002328338071555
0.0002458037469579
0.0002555503581466
0.0002658086408717
0.0002807667744567
0.0002965964311805
0.0003113298938141
0.0003306647651483
0.0003563696363193
0.0003835462631821
0.0004150158196025
0.000463444214494
0.0005295300401803
0.0006038072237449
0.0006930864209882
0.0008038379599488
0.0009217838484523
0.0010355287247579
0.0011365942818278
0.001204883029778
0.0012252543000034
0.0012035589189937
0.0011579869304299
0.0011009748035723
0.0010542208693952
0.0010405284355693
0.0010447378913705
0.0010515482327007
0.0010559640763244
0.0010425145121506
0.0010151253953005
0.0009663217606648
0.0008925438886106
0.0008273679789515
0.0007778876728254
0.0007520558259884
0.000770509734378
0.0008180034938013
0.0008965021906877
0.0009937768649185
0.0010311372525046
0.000975323348985
0.0008393566719185
0.0007253004152867
0.0009211332479177
0.0010599653161592
-0.0005645870983512
-0.0028114628202033
0.0072024967985148
0.052395137212459
0.13655168083603
0.24179612058417
0.35475019444753
0.45924715861055
0.54788852519666
0.62486846165734
0.69707267815727
0.76252474267314
0.82441476348563
0.88069326814934
0.932955602555
0.98653871574133
1.0346980214539
1.0799581367994
1.1260505232685
1.1687498687573
1.2089520214148
1.2481586481558
1.2854515915047
1.3215916369536
1.3551421497951
1.388269910904
1.4192486303994
1.447394236988
1.4754096383468
1.5027374492472
1.5290046197257
1.5558434199071
1.5802905038283
1.6032386574464
1.6260356034067
1.646742364152
1.6671460456929
1.6883710294221
1.7085490854017
1.7269527110238
1.744527028419
1.7623974909558
1.7792228393473
1.7945495572844
1.8108687084892
1.8267814522367
1.8412369670005
1.8556465780723
1.8700590144805
1.8834176734046
1.8956505882784
1.9083529153587
1.9214043825689
1.9335487196927
1.9452847591854
1.9576597979443
1.9690395134231
1.9794306532013
1.989862011977
1.9997266587762
2.0096750534105
2.0197775195391
2.0291181759841
2.0377086149154
2.0461089388647
2.0542437147863
2.0628029678231
2.0711464130998
2.0786263341113
2.0852589320238
2.0901534689129
2.0934511101838
2.096029921378
2.0979295823883
2.0997331495749
2.101986966117
2.1044945260313
2.1069271734336
2.1092772585669
2.1119215975783
2.1142539982311
2.116282999865
2.118917170217
2.1211556136213
2.1231722756421
2.1253876848106
2.126961936498
2.1286108952395
2.1300739177656
2.1311548426016
2.1329218450367
2.1348593015236
2.1363805001886
2.137733344689
2.1385227350677
2.1388726244819
2.1396514826156
2.1410153514269
2.1421679144155
2.1423806831368
2.1426467563389
2.1432513106909
2.143350686982
2.1432966244112
2.1436459543188
2.1440854212297
2.1442202811213
2.1443858548331
2.1450204470362
2.1454449413638
2.145774087908
2.1463604294925
2.1467284657878
2.1467204250409
2.1467010740609
2.1468148043174
2.1469894732599
2.1471928145107
2.1477366464191
2.1481292903856
2.1484318389504
2.1487018733951
2.148787518814
2.1489688103039
2.1491988208623
2.1497804440443
2.1505744060553
2.1510043410741
2.1510689776153
2.1510600123842
2.1509627718312
2.1509322413206
2.1514227307516
2.1522358636261
2.1527574604977
2.1528484481656
2.1527217028988
2.1525903873221
2.1526629378114
2.1529953055046
2.1532862585414
2.153394979946
2.1533489919572
2.1532489043884
2.1532120829719
2.1532380366466
2.1533295677416
2.1534126458557
2.1534155406929
2.1533198738615
2.1539494699824
2.1567646757523
2.1601576078229
2.1626732645038
2.1642339466584
2.1651096302273
2.1662140425285
2.1672886568607
2.1680691863911
2.1693643878154
2.1710442030344
2.1727432894578
2.174810086856
2.1776368395457
2.1813818324443
2.1861525528819
2.1923304594251
2.1998611738937
2.2088502319251
2.2197347356525
2.2323457556097
2.2466700035676
2.2628133009488
2.280363077113
2.2988951402887
2.3181136606553
2.3377078302492
2.3573294182423
2.376676623519
2.396192329138
2.4165148368978
2.4374334101261
2.4590805809853
2.4822149435317
2.5068460471566
2.5320011348096
2.5557290145902
2.5760433524924
2.5928321538156
2.6080591867888
2.6239805907611
2.6407595509438
2.6568340168583
2.6716465202623
2.68588688323
2.7002153709631
2.7142333042192
2.7265488228249
2.7366327398844
2.7447897105702
2.751208468501
2.7565978369913
2.7615908177216
2.7659391259663
2.7695759713554
2.7730420977896
2.7766481696392
2.7801664064106
2.7835747672802
2.7872793364603
2.7912554547675
2.7947253313231
2.7968396897871
2.797470457683
2.797484520426
2.7974205939956
2.7973617293511
2.7974486399332
2.7976725414765
2.7979765058943
2.799202711022
2.8017856148668
2.8048942640867
2.8075501198224
2.8094802197253
2.8111324069673
2.8130728708246
2.8151887609792
2.8170923669866
2.8186852776712
2.819926865046
2.8210722666009
2.8223391050613
2.82360595165
2.8250428735405
2.8267551378306
2.8282648726442
2.8291191106391
2.8293052774749
2.8293089712891
2.8293486696786
2.8294236541836
2.8295304557602
2.8295678033723
2.8295041919285
2.8294318472843
2.8294457331165
2.8295254385078
2.8295677773315
2.8295251728105
2.8294517059455
2.8294179159593
2.8294249323088
2.8294283639935
2.829419264136
2.8294317071559
2.8294554366651
2.8294496926341
2.8294255845107
2.8294226126403
2.8294416308578
2.8294459979409
2.8294164150892
2.8293800538542
2.8293687118815
2.8293768851875
2.8293773105168
2.8293512760661
2.8293248437107
2.8293467702608
2.829409352788
2.8294580707091
2.829448614605
2.8293786083908
2.8293000638748
2.8292658630451
2.8292743756274
2.8293028431223
2.8293465291652
2.8294069726219
2.8294427057298
2.8294054803507
2.8293113083408
2.82922204271
2.8291991624317
2.8292601435249
2.8293653283688
2.8294496340162
2.8294602862117
2.8293899852299
2.8292933714517
2.8292348191552
2.8292382345202
2.8292890174074
2.8293442723575
2.8293673733261
2.8293530647755
2.8293150003372
2.8292749806476
2.8292505755172
2.8292546195065
2.8292889855376
2.8293318404236
