0.0
0.0
0.0
0.0
0.0
0.0
0.0
0.0
0.0
0.0
0.0
-6.310261795527e-235
-2.5045486821673e-220
-3.9012982826616e-209
-1.1530140006172002e-199
-2.4474030739055e-191
-7.3161141971884e-184
-4.5362902225424e-177
-7.0843932647055e-171
-2.2933818303921e-165
8.1750220249663e-160
4.6803972377497e-154
7.3776890471308e-149
5.3229521356986e-144
2.0444450212111997e-139
4.5529724853380997e-135
6.2451716804852e-131
5.5313160714976994e-127
3.2887290061626e-123
1.3565730822610002e-119
3.9936952852017e-116
8.599476705287301e-113
1.3833648898300001e-109
1.6928944342324e-106
1.5998716938386e-103
1.1814505525060002e-100
6.871343953927401e-98
3.1553128508773996e-95
1.1364111688205001e-92
3.1261185487130002e-90
6.0157853167425e-88
5.0018074115803005e-86
-1.6072619116261e-83
-9.0823664740471e-81
-2.6641541170269e-78
-5.81821655791e-76
-1.0341373931137e-73
-1.5556459593986e-71
-2.0252473860505e-69
-2.3156966557576e-67
-2.3502496401291e-65
-2.1341209839880002e-63
-1.744380623475e-61
-1.2895654989287e-59
-8.6549021463557e-58
-5.289657891242599e-56
-2.9515890487778e-54
-1.5070217089761e-52
-7.0550081769313e-51
-3.0339604502118e-49
-1.2007133319987e-47
-4.3807029610310006e-46
-1.4759218604479998e-44
-4.599627823088699e-43
-1.3281015126782e-41
-3.5586218265739e-40
-8.8623189702802e-39
-2.0543590573162997e-37
-4.4390013110074e-36
-8.9525599103034e-35
-1.6872329754750002e-33
-2.9743966506963004e-32
-4.908410967958899e-31
-7.5856603273316e-30
-1.0980151076602e-28
-1.4883522564707e-27
-1.888430063692e-26
-2.2415196931578e-25
-2.4874191763737002e-24
-2.5788923175928e-23
-2.4965075578037003e-22
-2.2559343953244e-21
-1.9051934853031002e-20
-1.5156710092247998e-19
-7.931289759393399e-19
-1.0980632017149e-19
2.1949663086612e-18
1.1025591314176e-17
5.3116687199160005e-17
2.3576363433786003e-16
9.349414171892301e-16
3.372400786311e-15
1.0993887353736e-14
3.2027997427558e-14
8.1772117066303e-14
1.7508779040876e-13
2.7399337399556e-13
8.862311404818299e-14
-1.5144875915766998e-12
-7.973191703249899e-12
-2.7963862158544e-11
-7.9728241388486e-11
-1.9399501634998e-10
-4.0805237567019004e-10
-7.428337420138801e-10
-1.1710052793602e-09
-1.6196701053011e-09
-2.0628390238134e-09
-2.6636711752698e-09
-3.7455001916166e-09
-5.3955035165718e-09
-7.0390020171464e-09
-7.8763530172079e-09
-8.3158904122342e-09
-1.0480280576548e-08
-1.5789472554813e-08
-2.1994752759147e-08
-2.5300597955721e-08
-2.6849568579768e-08
-3.3314259998806e-08
-4.7596649696265e-08
-6.379800702571e-08
-7.7549885999927e-08
-9.536353126323e-08
-1.2388379203292e-07
-1.5510411284264e-07
-1.7370796575157e-07
-1.7529920569716e-07
-1.6879115997872e-07
-1.6591255805722e-07
-1.7277161293988e-07
-1.8407944570292e-07
-1.8445821354639e-07
-1.6529946210257e-07
-1.4342415149016e-07
-1.5217216041506e-07
-1.9686385389558e-07
-2.2586933356994e-07
-1.8816493815681e-07
-1.2051523437008e-07
-1.0701641042429e-07
-1.4934787133207e-07
-1.7532863302513e-07
-1.7202093877122e-07
-1.8465879135163e-07
-1.9587215121381e-07
-1.5611747254327e-07
-1.1348595020319e-07
-1.4691123440339e-07
-2.1333925127875e-07
-2.3037813301485e-07
-2.1815242887135e-07
-2.0862533018501e-07
-1.7121055807812e-07
-1.317512502777e-07
-1.6736431269343e-07
-2.5017687592388e-07
-2.8113150386117e-07
-2.4300044370457e-07
-1.9441523059494e-07
-1.8398113161427e-07
-2.1937227313168e-07
-2.5658651450072e-07
-2.4209653518015e-07
-2.0413013533671e-07
-2.2915568000104e-07
-3.1222805026154e-07
-3.1882814992279e-07
-1.8999675931164e-07
-8.1910739246904e-08
-9.2693593564674e-08
-8.5561542045864e-08
-6.4780235953243e-08
-2.1650439994969e-07
-4.3197389036631e-07
-4.8238890330843e-07
-4.2533983410364e-07
-3.1348288029309e-07
-8.8119577440482e-08
9.6374133090604e-08
6.0921599653874e-08
-8.1421361042276e-09
9.0358248994171e-08
1.5631145325323e-07
3.9280614011483e-08
-2.6548142409433e-07
-7.4081939299697e-07
-6.0090869549723e-07
5.2720547114027e-07
1.0230017489787e-06
3.2449353368214e-07
4.4599060861072e-07
1.6224984145663e-06
1.8997351645678e-06
1.8623349122837e-06
3.2849701694371e-06
4.8195405095153e-06
5.5763504085982e-06
7.3583419397671e-06
9.2546548385308e-06
9.3168290132839e-06
9.1493389202668e-06
9.4466207885002e-06
9.1438455407378e-06
8.5614870520834e-06
7.7118938543452e-06
7.1941335282322e-06
7.8818761714561e-06
8.1257924831046e-06
8.1467296564885e-06
9.3411240314478e-06
9.2073686272787e-06
8.1079907677806e-06
8.7748517652309e-06
8.1624514166323e-06
5.850892692949e-06
6.0678182569468e-06
7.4317450156208e-06
7.386998502168e-06
7.8474159552061e-06
1.1470836386224e-05
1.5855325301718e-05
1.8215873235854e-05
2.3356219004747e-05
2.763495228883e-05
3.5136339914754e-05
7.1526760901219e-05
9.580122486591e-05
3.422389346433e-05
-9.1362673383388e-06
9.6005478407823e-05
-9.7525959338762e-05
-0.000154257419592
2.4763732937472e-05
-0.000145427105475
-9.83658353505e-05
3.925628985102e-05
-4.1832116580709e-05
-1.1161905701829e-05
-1.2152981728408e-05
1.07404253743e-05
-1.8319594500937e-05
-1.4126798753455e-05
-1.1857513253499e-06
7.4941934168349e-06
-4.8091596519861e-05
1.4982345556858e-05
2.3105969225945e-05
-4.0508969142428e-05
-7.6238965409647e-06
-9.5287531697297e-06
2.5806046431098e-05
-2.7351935187991e-05
-8.4739768486664e-06
-3.8851271821905e-07
8.9100179530011e-06
-1.7629202434088e-05
-1.1571794692244e-05
6.7021176582971e-06
4.5799710666206e-06
-1.1125007515767e-05
-2.5693851599562e-05
2.0621680594912e-05
1.1688170099555e-06
-1.3581555914022e-05
-4.9700312482193e-06
-6.4976294820163e-06
5.6786793103392e-06
-7.7944985064082e-06
-1.0617275023606e-05
6.7202062390415e-06
6.2258065505194e-06
-1.1537521304339e-05
-5.7881614083932e-06
5.2182048517757e-06
-1.1476406248656e-06
-1.1431894111791e-05
-7.8397704994515e-07
1.1415482335408e-05
-1.7432353103808e-05
4.4192771657681e-06
5.080039258698e-06
-2.1372936487185e-05
1.3173538270683e-05
1.1686163895797e-05
-2.5792918928125e-05
-3.5668486207951e-06
2.2095596065141e-05
-1.355530888647e-05
-5.1740897608621e-06
2.3384538917481e-06
2.5195413533298e-09
-1.0660020217768e-05
7.1116080757605e-07
5.8938460778535e-07
-7.7031606461331e-06
-1.8768467302532e-07
3.988063871696e-06
1.5738124680142e-06
-5.5830814900126e-06
6.8317904999838e-08
2.2510384639629e-06
-1.0553734941521e-07
-6.2754572234258e-06
4.6029208178311e-06
3.8111858838841e-06
-1.52834952305e-06
9.4713333089746e-06
1.8903074884169e-05
9.515912743896e-06
2.6515245600267e-06
3.4827944709326e-06
-7.861896964334e-06
-9.8946020462565e-06
-2.265662006895e-07
-8.9497802046035e-06
-1.2484412220348e-05
5.215534852665e-06
5.3198077857308e-06
-1.0153345314401e-05
-6.9650389223908e-06
5.662642191262e-06
-8.2779778707298e-06
2.0824863457003e-06
-5.9246999106754e-07
-9.0430183740109e-06
1.3601110859796e-06
1.2986908173307e-06
-3.8150700248929e-06
-2.1911061753865e-06
-4.7582952178438e-06
-8.2090766795328e-07
3.762937787033e-06
-6.1753116596952e-06
-4.3929667538078e-06
3.5454142158775e-06
-4.2306741070419e-06
-5.1351538365996e-06
-2.2656157774303e-06
1.3865019662385e-06
1.8504301046995e-06
-7.5727612066645e-06
-4.6723227068446e-06
7.0986919964433e-07
2.3494562840787e-06
2.2416276616033e-06
-7.98318379025e-06
-8.6214880332669e-06
3.1551747349257e-06
2.3966298542399e-06
-7.803554575303e-06
-5.9440870562311e-06
5.0923511188961e-06
8.1956351254409e-06
-2.2495393781075e-06
-7.5179458617347e-06
6.754165916556e-07
4.4230606978113e-06
-2.5781609769293e-07
-1.0259157814385e-06
-5.4501701800547e-06
-4.0328435115811e-06
9.0935315097962e-06
3.6723740223232e-06
-8.1572647498973e-06
-4.7818849995274e-06
1.7912076640814e-06
5.5864478752943e-06
1.4645540298286e-06
-5.0826101225532e-06
-2.646961122621e-06
-2.0862965320889e-06
-2.3346882316311e-08
4.5521554781214e-06
2.5531687967151e-06
-5.1827741487376e-06
-4.1155498708978e-06
9.0233506466753e-07
5.1289141123068e-07
-2.320470308681e-06
-2.1478854150825e-07
3.917803902187e-06
-2.9549955177233e-06
-7.1284093595692e-06
-1.2337040090626e-06
3.3326304620385e-06
1.5902887576802e-06
-4.1769665815039e-07
2.0968957898937e-06
2.8791902761949e-07
-6.4386588009002e-06
-6.0336137426287e-06
-1.9101326692583e-06
1.2681413148474e-06
3.5916517643342e-06
1.2093225898457e-06
-2.5720090481851e-06
-2.0360236701045e-06
-5.8281177284236e-07
-9.0978960187726e-07
-2.43144849843e-06
-2.44257935611e-06
1.4290735274036e-06
4.1346213306426e-06
1.974637816371e-06
-2.0245827849763e-06
-5.9613736352881e-06
-4.2766516866743e-06
4.7691732600885e-06
6.8828014642142e-06
3.7409703440572e-06
-4.3296010180383e-06
-3.6970365878686e-06
-7.7112553009684e-07
-1.298259100224e-08
-2.313919615915e-07
-5.4177060815341e-07
-8.0903784503983e-06
-1.1615551603894e-05
-1.0892756914571e-05
-5.5153304184818e-06
-2.562727253741e-06
-2.3046686200567e-06
-6.7467751057038e-06
-5.3271058858551e-06
1.6189564744362e-07
-1.0240981473952e-06
-5.1345286453675e-06
-4.0394605771432e-06
-1.5424483096327e-06
2.271839476542e-07
-3.7910513717154e-07
1.28107532682e-06
-1.2597964573757e-06
-4.2479999142753e-06
-2.4073767278532e-06
2.6706710676283e-06
-3.9336147128477e-07
-5.0001796463306e-06
-3.5725899701911e-06
-2.5741991600547e-06
-3.4645949460455e-06
-4.7609338660326e-07
-3.2657635433697e-06
-5.2675870615415e-06
-4.5604962560786e-06
5.726685259333e-08
-3.5064338588242e-07
-3.6596323016447e-06
-1.8015139578997e-06
3.1647924481071e-06
2.4921033114911e-06
-1.06192772098e-06
-3.9661200555985e-06
-4.5353188095065e-06
-4.2338412151732e-06
-3.2642439798947e-06
-1.6498577587454e-06
-3.4855875519213e-07
-1.2721013156192e-06
-3.502459220317e-06
-3.4363702312579e-06
-2.6236375099131e-06
-2.1468829913829e-06
-1.4261367774493e-06
1.2468776658947e-06
2.1671172012461e-07
-2.7593805238535e-06
-4.714385116622e-06
-3.6400680492044e-06
-1.409512728312e-06
-6.7726296992809e-07
1.3515352469406e-06
1.7708668926808e-06
-1.8840466935455e-06
-4.8300971169368e-06
-5.089250936674e-06
-5.5043765266882e-06
-4.3419185415949e-06
-6.9349701992127e-07
