0.0
0.0
0.0
7.2079278636126e-44
3.4466483595433e-33
2.9210143314879e-27
-5.4339483943609e-23
2.6766197191643002e-20
-9.054282649280999e-18
1.0811118803811e-14
-3.6858761168490997e-13
-3.8572220525795006e-10
-2.5183864446345e-08
-4.9239259951459e-07
-3.5788283599801e-06
-8.9944856740677e-06
-5.6405080468879e-06
-1.0043757635551e-05
-1.1619738070178e-05
-2.0409054339604e-05
-3.0752858425308e-05
-4.7524356930427e-05
-7.8281849576939e-05
-0.0001280238472928
-0.0001935124655334
-6.0273170653169e-05
0.0002995924278879
0.0001129275304127
0.0001232364025719
0.0001125964139986
-7.1733772942628e-05
-0.0001855138492342
0.0016928475278672
0.0082426367812571
0.01619464346594
0.012106099962515
-0.0093639869975265
-0.0070773719260948
-0.016993116180907
-0.15455780345744
1.8715085342488
3.9830950842944
4.1877061672497
3.0941147197491
2.5693007554591
2.218285618802
2.0759551289666
1.974971746392
1.83403780494
1.7499277841848
1.7163525806044
1.6668624431894
1.6310337140768
1.5800913398861
1.5127810219302
1.4800195061103
1.402234811499
1.3498146376694
1.3154107110972
1.2807246845758
1.260679316247
1.2388652374941
1.2398567513912
1.2299193865493
1.2116372113438
1.2227739124211
1.220244550996
1.1918331058268
1.2064014828678
1.2173730937041
1.1877119892837
1.1786702999973
1.2091875040694
1.2329884278197
1.2503207352311
1.2364033049361
1.2088825954598
1.1876789495131
1.1666587077581
1.1516971013928
1.1289340879663
1.1329515970379
1.124899495451
1.1231227321298
1.1176222410979
1.0986590830295
1.0898217665995
1.0752123483416
1.0554605902921
1.0629741091224
1.0703987253303
1.0453191411737
1.0502565347792
1.0424368248872
1.0403577418145
1.0275981448402
1.0195624233225
1.0218254015042
1.0232212953129
1.0047168330043
0.97218805098862
0.90493411413881
0.8274349203182
0.76651550612201
0.73468174013822
0.71436080624032
0.69060423839371
0.68831135901615
0.68356664563751
0.68373026087425
0.68137055513429
0.66446221963474
0.65097944730628
0.65232001735307
0.65767529730145
0.65073633711847
0.65047498511337
0.65099766028656
0.64515369544509
0.64373009030962
0.64509946328908
0.63170580862177
0.62489064296241
0.63890401884716
0.65121253164442
0.64346275187717
0.63412611582958
0.63732931716132
0.63931823481926
0.64524566028297
0.64209517101919
0.64617379550622
0.65896745991676
0.67308163606743
0.67131787385115
0.67068470229099
0.67797601767339
0.68920719873944
0.73366910474579
0.80523637848433
0.86537198838119
0.84547830463215
0.72985855677743
0.59840323835605
0.53616984459559
0.50389942569815
0.48476897378649
0.49071577773763
0.49612630595615
0.47977215759492
0.47542717214526
0.47577352366055
0.46633866902432
0.45580994474914
0.45220445920489
0.45885071409053
0.46065345480812
0.45524832885633
0.44515611986391
0.43542097724245
0.432255802321
0.43326569124282
0.43586090410894
0.43881766761622
0.44362380850487
0.43884943495449
0.43536085316092
0.4348039379229
0.4203420725208
0.41092778368643
0.42126115950207
0.43022218966886
0.42755154505834
0.41764219553926
0.40563875350124
0.39684743671877
0.39683221012297
0.41308572028136
0.42642091752878
0.41314378486117
0.38970058817984
0.3726454064493
0.34102298121077
0.26752110098816
0.19168859774688
0.17646626538035
0.18627954832766
0.1675298927438
0.12648013606018
0.086107897213949
0.075340782533573
0.085216417980405
0.072006247511425
0.040383700800639
0.043634824137939
0.083936550103658
0.10652886429838
0.097944846097775
0.085399250936824
0.086552279926622
0.10895970778435
0.13510729623256
0.15377207342357
0.1603699288637
0.15582854422007
0.14482074458844
0.13856033090995
0.14033487117864
0.14254996426502
0.14416128882004
0.15232728215366
0.16885206157387
0.18840562978326
0.2077819488143
0.22104288339193
0.21832777542414
0.19646256259485
0.16390986586359
0.12284738179957
0.096727985537548
0.12987897282137
0.23747924738036
0.3534739453773
0.38677316409768
0.31305033848668
0.21848580681922
0.16155955975403
0.10386843420029
0.041836509519477
0.017309162580936
0.028427282180488
0.058102440252483
0.070584618730329
0.045038805224351
0.0090882654331992
-0.0017107005479744
-0.0054139271147946
-0.0046041693533283
0.020492874580036
0.029966306825108
