0.0
0.0
0.0
0.0
0.0
0.0
0.0
0.0
7.371741735429201e-174
5.0611845019184005e-158
3.389323949476e-147
2.4471598858042e-138
1.0710397288827e-130
6.4641583664368996e-124
8.663514817345501e-118
3.4863056459434004e-112
5.1436278391319e-107
3.1981330247609e-102
9.3182990271503e-98
1.3930880264534e-93
1.1664789797876e-89
6.008892726775e-86
2.104138786423e-82
5.441982544948199e-79
1.0768600755528e-75
1.6184362233666e-72
1.8190614408267e-69
1.5238796987688e-66
9.5987206454629e-64
4.6156776407341e-61
1.7239401567219e-58
5.0873705885656e-56
1.2051852129083e-53
2.325126077542e-51
3.7003054408126e-49
4.9131284658664e-47
5.4975487380691e-45
5.230368290268e-43
4.2646114269815995e-41
3.001066142405e-39
1.8343130514015999e-37
9.7939975539374e-36
4.5919092136957995e-34
1.8994689077283e-32
6.9624003987207995e-31
2.2703713316316998e-29
6.6103288529924e-28
1.7241639411729e-26
4.0408775970588003e-25
8.5330371491676e-24
1.6275427314055002e-22
2.8100408400554002e-21
4.3998868673033e-20
6.2524638990023e-19
8.0119608210358e-18
8.7176446036746e-17
4.3996949055459004e-16
-2.7330464241823e-16
-1.4803655048417001e-15
-9.9572522119175e-15
-5.6784123201778e-14
-2.7188820983407e-13
-1.0135580485111e-12
-2.1108816742834998e-12
6.779572872815699e-12
1.0959025824983001e-10
7.758336364439301e-10
4.0991374862094e-09
1.7840819902914e-08
6.6215615167618e-08
2.1262452159505e-07
5.9407347808433e-07
1.4454830272635e-06
3.0558723208409e-06
5.5879386251165e-06
8.7893210079893e-06
1.1848618589141e-05
1.3784802756994e-05
1.4404904117539e-05
1.5029259553565e-05
1.7837760212994e-05
2.3909436108005e-05
3.1952051647874e-05
3.9650277812223e-05
4.6702669472179e-05
5.6158099791328e-05
7.188538310941e-05
9.4355077342317e-05
0.0001206014710504
0.0001511377678615
0.0001952227522231
0.0002625338449706
0.0003484893434551
0.0004334144571605
0.0004916467179357
0.0004915173742446
0.0004017774933981
0.0002286079629375
4.5064780674839e-05
-4.6705060400388e-05
-3.1804048870074e-06
0.0001084190027368
0.0001612423268639
9.6958772669942e-05
-6.2581396839527e-06
-3.2783999372589e-05
1.8413242560485e-05
5.0823918417082e-05
2.9615608359342e-05
1.5459554913593e-05
3.5415386853845e-05
5.2698992998454e-05
6.5850961208772e-05
0.0001085084184032
0.0001768626193559
0.000241594993638
0.0002704774157056
0.0002375071080304
0.0001812848486722
0.0001703898415051
0.0001932625644553
0.0002227619807331
0.0002889195494991
0.0003505586811874
0.0003215396289205
0.0002641378131632
0.0002793756075091
0.0003269155054186
0.0003494355182652
0.000380756272191
0.0004728149470853
0.0005525852623228
0.0004644444322497
0.0003536051407431
0.000492608903928
0.0006549822786726
0.0005949153849901
0.0006282560802536
0.0009088501671293
0.0010851594170164
0.001096638791357
0.0014860132558495
0.0023188922603571
0.0028235411707933
0.0031407532142005
0.0039901496612839
0.0046826598889794
0.0046752744569879
0.0044155722089032
0.0036041078044725
0.0019106272468128
-4.9061603553391e-05
-0.0014098381535615
-0.0020996168222001
-0.0023080518652779
-0.0013209852238125
-3.5348037431826e-05
0.0002240756776199
0.0003205006575396
-8.1050568148753e-05
-0.0008553484179834
-0.0013337949418506
-0.0025433878807924
-0.0030087521776574
-0.0022580355653253
-0.0017367770909811
-0.0002597511445759
0.0014042828727259
0.0023243326546461
0.0038311080994914
0.0033576720267742
-0.0002414314606618
-0.0037637422112905
-0.0064566267216306
-0.0008278253307551
0.014312439464294
-0.013585044081165
-0.11294601269874
0.026870106509238
0.83717472877376
2.6309904019213
3.8325767624532
4.4571501593781
4.4488168330502
3.9201974756271
3.2603337296401
2.9912358582528
2.7708555667715
2.5283370983783
2.412980034994
2.1180755295801
2.1279426391965
2.0879897320704
1.8166122372457
1.83994658038
1.8070007826472
1.6359712117603
1.6000324643434
1.5277457152541
1.477453409735
1.3982502491796
1.3211779265628
1.3120326744965
1.1720659640349
1.1106945063668
1.1241705899674
1.059299727312
1.0651695865778
1.0516000901906
0.92562079046417
0.9257233512276
0.88019611022023
0.80041226973533
0.83923692180035
0.84157534620051
0.77464853237901
0.71008441153442
0.70713777124114
0.71167263945986
0.63334030633628
0.62011984057904
0.66722384954732
0.60207683298596
0.57119691988197
0.58049044951494
0.56599687171142
0.50584365575341
0.48886746300223
0.52312130433787
0.51130925573721
0.46725490346562
0.48238327845729
0.49114146390252
0.42527724911929
0.41798624413065
0.40887077854235
0.38905692822775
0.40622932809704
0.39532359984982
0.35544335927913
0.33948566598507
0.32997527185437
0.32871373845644
0.34863979314217
0.3163556412634
0.28762108375986
0.23962631769212
0.16032106492272
0.11607673785594
0.090980187212608
0.067791379671256
0.079805163510827
0.09692595131785
0.10101262668822
0.093502128962264
0.098387219148499
0.10720552977723
0.080137296738592
0.091655180186834
0.10717086931038
0.076246039389183
0.089904925816242
0.07813433328554
0.058165383931375
0.07008421079906
0.045575033992762
0.051200763259729
0.082267836901906
0.068738440131
0.057794614845008
0.047552599832201
0.018548084749348
0.016908961182516
0.043982476262627
0.058659790848381
0.028458194619141
-0.000277505078472
0.023954827488026
0.014612449854923
-0.0012240363776783
0.0018242734336482
0.02053408697531
0.012859672961163
0.0008745143770028
0.016293451351324
0.026003311232792
0.011156796175804
0.017420973446924
0.025686911900991
0.0035322439353891
-0.0012654123121791
-3.3349497385868e-06
0.0089539366332048
0.0041270965521534
0.015376517341892
0.022060650054101
0.011603797556781
0.013347610872216
0.0064375214304135
0.0037379076761823
0.008675586262008
0.012273356693981
0.031489179551158
0.027734608841179
0.0076418178210247
0.0013349363982229
-0.0022551331097631
-0.0042016699424607
0.0045984435850244
0.030252779183648
0.030396700925195
0.011922224907579
-0.0016803723863035
-0.0065887318688951
-0.0031110656696143
0.0086405964790259
0.014469724593269
0.0086260903584545
0.0010597831842318
-0.003956384499304
-0.0029626941040917
-0.0004724857509685
0.0025235758677411
0.003960341011755
0.0024835990418026
-0.0022399507690452
-0.0033205657960167
0.0641604784132
0.13941975673486
0.12270026515697
0.083417869860902
0.045406347645915
0.034215359089806
0.050166341337921
0.033706970345015
0.036342161668834
0.063161448737503
0.067245639446334
0.071301359373166
0.094376919894579
0.12948356749654
0.16635493690593
0.21410763271081
0.2733334537643
0.32409117346752
0.39249539682427
0.46864625992331
0.53352275074268
0.60672452826456
0.67467527938803
0.72171158553438
0.75566644867475
0.77749680182588
0.78699332377443
0.78050144576238
0.77112953333618
0.79361888764797
0.82640020630773
0.84531730514517
0.88863741141765
0.95565783240072
1.0040562931607
0.9960801558389
0.89693800319175
0.74202888795405
0.6262896813988
0.61065804868576
0.66008442853054
0.66854019125273
0.61824140623248
0.57634824762811
0.56879108335863
0.5750852629701
0.53893884079521
0.45119111019361
0.36709888219342
0.29307981926934
0.23153822518047
0.20746223717243
0.19102301806111
0.15900721426156
0.13825458791796
0.14131140163727
0.14473053275488
0.13688924315272
0.13901542933539
0.15604319559106
0.15649053318008
0.11858216249188
0.055481971734572
0.0064944046201276
-0.0012030166477217
-0.0032917788685083
-0.0010077322743385
0.0080374800738525
0.0077710475672177
0.021842847083242
0.075006076096251
0.12083412731059
0.12062555013603
0.092633892051985
0.067369482586521
0.069311181922593
0.083585362585659
0.082577854904997
0.070669967844772
0.057359291255388
0.04506954296648
0.04825263550341
0.05123386936905
0.051410982945477
0.063801668484409
0.068955793407888
0.050389547237906
0.020538352474553
0.0006885505836606
0.0006835438762564
0.0020779989011288
0.0039600132733852
0.0037356806299016
-0.0005878642719281
-0.0035451025926392
-0.0016659559710419
0.002259588285547
0.0032367715954607
7.5777787067466e-05
-0.002800811972925
-0.0025401776468925
-0.0003791337968905
0.0005077561061384
-0.0002661775450718
-0.0001524672773811
0.0009773261934853
0.0006017058259644
-0.0008399922357682
-0.0007743976876639
0.000439752314385
0.0007658723701453
-0.0004622087701022
-0.0015899884848736
-0.001110655700387
4.5554952521343e-05
0.0003804926445027
-0.0004288096544513
-0.0013984377241982
-0.0004075669384207
0.0018915903567063
0.0026384102461918
0.0010960536238613
-0.0016319282140742
-0.0034226030457774
-0.0025303246472319
-0.0004467839566757
0.0008226283689793
0.0013611344980902
0.0021284213074679
0.0023963203291899
0.0002730352866464
-0.0028324693541748
-0.0041403844495136
-0.0026995085768533
0.000679410482185
0.0036319304856036
0.0042649287580687
0.0023005303392054
-0.0011930163912766
-0.0037829891065044
-0.0034995333718868
-0.0012477803270627
0.0011916435278536
0.002442446342954
0.0017704549559738
0.0002068287269452
-0.0011290486279236
-0.0017036512037549
-0.0014101977070524
-0.0005431785627507
0.0007738849705063
0.0017181072532679
0.0015724744672596
