70.0
70.0
70.0
70.0
70.0
70.0
70.0
70.0
70.0
70.0
70.0
70.0
70.0
70.0
70.0
70.0
70.0
70.0
70.0
70.0
70.0
70.0
70.0
70.0
70.0
70.0
70.0
70.0
70.0
70.0
70.0
70.0
70.0
70.0
70.0
70.0
70.0
70.0
70.0
70.0
70.0
70.000000000005
70.000000000131
70.000000002819
70.000000046208
70.000000572339
70.00000531318
70.000036632637
70.000185956789
70.000691756504
70.001901560032
70.004018192367
70.007133164503
70.0118550148
70.019366979258
70.031101965447
70.049583549578
70.079137042213
70.126017424425
70.195312720373
70.280253838564
70.359153236473
70.420953720872
70.482172394213
70.550200878959
70.613795608268
70.675759997402
70.739615489634
70.803818762023
70.875745556017
70.96292638815
71.059465863756
71.156651053204
71.257335086976
71.366359256891
71.481116576951
71.600391908327
71.727576182423
71.861056679917
72.000453080172
72.147475926272
72.300506270315
72.457592695745
72.623107428992
72.796362459191
72.974054541827
73.159647262131
73.358909810523
73.567354301945
73.777628070335
73.987937417693
74.19230023459
74.366075991524
74.448562794219
74.345414890961
73.983644361965
73.341125323933
72.529604982159
71.75610647229
71.227610878143
70.993012395658
70.948851024402
70.963351985322
71.040378368423
71.225039290262
71.49649827118
71.691344580226
71.552723406199
70.97618550801
70.150071427385
69.442332211218
69.011738832417
68.826026258056
68.800629557995
69.480407082664
68.86318917774
77.764210733529
76.501309693412
66.013880345643
61.75539113142
61.617179193228
61.60172865391
61.403425315399
61.409998219759
61.359124413226
61.353748105226
61.280621800265
61.278555283685
61.359201411421
61.313641917928
61.298294142806
61.396288577983
61.384810504458
61.458455361972
61.500245106388
61.566471223841
61.737378987711
61.813051990599
61.889930560533
61.929596695083
61.989934411023
62.017403286274
62.090575545841
62.188588841682
62.231680415147
62.28136627864
62.337374761316
62.359936365781
62.30097211795
61.781023653073
61.235830282078
61.224209899926
61.188477454964
61.083444164382
61.772555521033
62.689950415117
62.400384951927
61.908593914706
61.661056353724
61.418259488056
61.200644838702
60.975294552609
60.802967970894
60.611128425749
60.414791353845
60.329539110555
60.200156206088
60.059018559111
59.985429263685
59.967673502639
60.120441001288
60.279250618298
60.32572415023
60.322942484439
60.304034839717
60.259002808952
60.297609346362
60.31128966076
60.267393487101
60.325865080751
60.330803275468
60.313991833083
60.332413962497
60.315119026086
60.277494355399
60.23466624763
60.171490652243
60.186570966891
60.182060816195
60.134463929664
60.156094439642
60.133065710894
60.169957819131
60.208383878453
60.2001846394
60.187261911274
60.142599701948
60.183192866971
60.274020425536
60.282224013644
60.058836635587
59.92666942958
60.206700950859
60.09323763973
60.092423558024
60.123839807414
60.073092692587
60.086326467854
60.148082915248
60.128954509183
60.137109670431
60.142045080792
60.117459175338
60.132453318862
60.168605495631
60.147024667427
60.140446966765
60.220392996871
60.20283630499
60.075281474075
60.058431775615
60.158080914984
60.203892048521
60.157201767788
60.218764704964
60.194669093274
59.939380800881
59.76555732165
59.818241361125
59.86768880868
59.888088513481
59.924817674013
59.817171449216
59.620273897164
59.704356876372
59.888484529644
59.824645820991
59.614536096193
59.582223988752
59.724643686779
