0.0
0.0
0.0
0.0
0.0
0.0
0.0
0.0
0.0
0.0
-3.8454991968236e-153
8.7419270735942e-140
2.5610201017267e-128
5.0746413449691e-119
6.3337284477976e-111
1.1507277150727e-103
4.8756943742106e-97
6.3572328733605e-91
3.0255064309098e-85
5.9334560843152e-80
5.2934649255364e-75
2.3394259960077e-70
5.5160982288456e-66
7.400515854543701e-62
5.9712725567758995e-58
3.0373678909185e-54
1.0130178528925999e-50
2.2876795071603003e-47
3.5902070987726997e-44
3.9984736926958996e-41
3.2146009858713e-38
1.8920168799285e-35
8.2484893984254e-33
2.6898433350194e-30
6.614959275372e-28
1.235114953389e-25
1.7606098552608e-23
1.9246603996129e-21
1.6234432642126998e-19
3.5106995760581e-18
-6.0764682309792e-17
-1.9256943885049003e-15
-4.8137045107237997e-14
-9.0467914375877e-13
-1.2629351523472001e-11
-1.2900376261842e-10
-9.442422650873301e-10
-4.8090432634126e-09
-1.6339347934346e-08
-3.4923768196668e-08
-4.4807524633591e-08
-4.5478890276973e-08
-8.2561287355487e-08
-1.5510957198566e-07
-2.2530690124827e-07
-3.633996997352e-07
-6.0120315521744e-07
-9.5452213364301e-07
-1.3563813650496e-06
-1.183611876589e-06
-1.3519719486158e-07
2.2905592388634e-07
-1.334520718577e-06
-1.8430078083969e-06
-8.8388535991911e-07
-1.4711192381982e-06
-1.6169474768727e-06
-1.4749286373858e-06
-1.9896777953121e-06
-2.4206271577929e-06
-2.1004227757202e-06
-1.7436806880112e-06
-2.144106551874e-06
-2.5856244965974e-06
-2.5097004782455e-06
-2.5286643660121e-06
-3.1863148454448e-06
-3.0192753128984e-06
-3.2724358566393e-06
-3.4633175014182e-06
-4.0307187906328e-06
-3.6567605708489e-06
-4.4683838462518e-06
-4.2676627815109e-06
-4.8077081204142e-06
-4.3203249692918e-06
-5.9682203202513e-06
-5.5726408306104e-06
-5.8854427759142e-06
-5.6680325132341e-06
-5.4665661254707e-06
-4.1896303440782e-06
-2.3293959501949e-06
1.9149922192146e-06
1.0692120632499e-05
1.6054002198112e-05
1.8384811926456e-05
8.5720519781641e-06
-2.5541196040782e-06
-1.3510597896647e-05
-1.3088396817876e-05
-1.1000558493091e-05
-8.8366412938759e-06
-1.2714035229693e-05
-1.7254219470063e-05
-1.4936120528112e-05
-5.7015874220221e-06
1.0728895981997e-05
2.1038500528059e-05
2.0645853733742e-05
7.6345305350287e-06
1.4528899392172e-06
-5.5816111721833e-06
-7.982033269903e-06
-1.4881178420314e-05
-0.0001033419912749
4.8601335746643e-05
-0.00032566575545
-0.0001516536169215
5.7096329426718e-05
0.0002028678219493
-1.6550533244791e-05
9.1898946388779e-05
2.3680174993588e-05
6.1812982391906e-06
5.5692176520019e-06
7.8980194125186e-05
5.8741419150021e-05
-5.1579479683069e-05
2.472686738729e-05
7.9327142634328e-05
-3.4348057966933e-05
4.2004329141319e-05
6.4706462681718e-06
4.8154373361013e-06
2.3913795184313e-05
-8.6476388993151e-06
2.9231023287176e-05
-4.0605868608734e-06
1.034774098348e-05
3.6597416296243e-06
1.8846879799266e-05
5.9647511551894e-06
2.8096056806922e-06
4.2240119030593e-06
1.3867717482499e-05
2.5189001077295e-06
1.3377544844961e-05
-1.4528272536163e-06
1.6592879211846e-05
1.1175799764168e-05
1.8222773316807e-05
2.927481977498e-05
1.3266346264117e-05
1.2070263329529e-06
5.0019037153568e-05
8.9675129559282e-05
4.927500819873e-06
2.5500141737528e-05
8.3756918199715e-06
2.046854749864e-05
1.9975181980092e-05
2.4708739914083e-05
1.6201465815928e-05
1.6674099696918e-05
1.8009058371172e-05
2.064058544494e-05
1.4797567001004e-05
1.8392213821147e-05
1.9776084237225e-05
5.9719046919636e-06
2.6606030344527e-05
2.7533533988131e-06
2.4905490704093e-05
5.7958601133978e-06
2.5989057916629e-05
1.482009554357e-05
1.0106821969537e-06
3.6373578274347e-05
-6.7489437464256e-06
1.4268539086744e-05
2.2756174790577e-05
7.4140272305907e-06
1.9161988199238e-05
1.7855304629388e-05
9.7492098152765e-06
2.5726501246436e-05
1.2084006599749e-05
5.8807774015659e-06
2.6341356757441e-05
7.4486260004927e-06
1.5633433819139e-05
1.6057739242444e-05
1.038923471565e-05
1.0682462790795e-05
1.3763476632264e-05
2.3662277619287e-05
1.4592195363184e-05
8.2096819449799e-06
1.509282548816e-05
1.4815816271569e-05
8.3026259892576e-06
1.9591900135892e-05
3.180689349037e-05
1.1295727223751e-05
-1.5744128917916e-07
2.3650817704464e-05
2.9045868128189e-05
7.1483706427675e-06
4.0505458488321e-06
1.1428335886199e-05
2.3406500820003e-05
1.3978174332735e-05
1.5637763232609e-05
2.309099593073e-05
2.2126720344278e-05
1.551023793336e-05
9.080909238725e-06
1.5856949406227e-05
2.8070074578371e-05
2.3650617426585e-05
8.2021106514629e-06
1.3977468415533e-05
2.2976926493869e-05
1.8306586600111e-05
1.1725801109902e-05
1.3547691063667e-05
1.7341737835372e-05
2.14743713474e-05
2.3166870813277e-05
1.5070278182551e-05
1.1120272215544e-05
1.774978934862e-05
1.6246593764026e-05
1.6533859984981e-05
2.2703363992873e-05
1.9816605770978e-05
8.6509882775522e-06
1.0852557783677e-05
2.0408964834325e-05
