0.0
0.0
0.0
0.0
0.0
0.0
0.0
0.0
0.0
9.319384871516601e-181
6.4465892604077e-167
1.1206968182189e-156
1.9435193027066e-148
-8.0949774972275e-141
-1.5004457985561002e-133
-3.7096938562472e-127
-2.3643219601737e-121
-5.0954772134797e-116
-4.4562548039114004e-111
-1.8134428720311002e-106
-3.8059830291788e-102
-4.4524748987102e-98
-3.0849448928281e-94
-1.3288625997313e-90
-3.69737712766e-87
-6.836638628852499e-84
-8.5631421173797e-81
-7.336148218937399e-78
-4.2883723133209004e-75
-1.6680566350951e-72
-3.9400920219915e-70
-3.3269930926921e-68
1.1824170687018e-65
5.3846722292656e-63
1.2244024122527e-60
2.2471607054304e-58
4.3024614104591e-56
8.519891004979601e-54
1.4924240243084e-51
2.1316710578524e-49
2.4567362288388003e-47
2.3177766106851002e-45
1.8261324148878996e-43
1.225495574379e-41
7.1306557076737004e-40
3.6518814185809e-38
1.6656465619901e-36
6.8218281819082e-35
2.5210966139995e-33
8.4264254270118e-32
2.5498366285655e-30
6.9959414549475e-29
1.7460597467601e-27
3.9819506904746e-26
8.319533454207001e-25
1.5878287924075e-23
2.7420785384183003e-22
4.2251120232942006e-21
5.7004610546016e-20
6.4558633151978e-19
5.3305308948445e-18
1.3964454458856e-17
-1.8110580673176e-17
-2.7626682732745e-16
-2.1993104710277e-15
-1.5182035546453e-14
-9.4369049718669e-14
-5.293609329761e-13
-2.678866783574e-12
-1.2219348579859e-11
-5.0178021875215e-11
-1.8522292168391002e-10
-6.135126834939901e-10
-1.8198767290762e-09
-4.8245932842131e-09
-1.1409755642407e-08
-2.4043013388049e-08
-4.5162718894456e-08
-7.5877903739859e-08
-1.1496408395738e-07
-1.594305950924e-07
-2.0680306241968e-07
-2.573962221232e-07
-3.1507236705668e-07
-3.8727298461952e-07
-4.8422444505917e-07
-6.1339914242484e-07
-7.7138831773531e-07
-9.5019200277898e-07
-1.1633302558185e-06
-1.454468379154e-06
-1.859259026283e-06
-2.3779910971347e-06
-3.025386507791e-06
-3.8797688224681e-06
-5.0128528511739e-06
-6.376010555477e-06
-7.7959535480605e-06
-9.0423197544769e-06
-9.8820699121281e-06
-1.0179829175012e-05
-1.0021387551635e-05
-9.6855386851475e-06
-9.4392587468454e-06
-9.331683163924e-06
-9.2026554778128e-06
-8.9556355843882e-06
-8.6922908602512e-06
-8.402139367697e-06
-7.8338934555476e-06
-7.0033459799324e-06
-6.3845550243033e-06
-6.2162047032434e-06
-6.1691567031259e-06
-6.0374989423095e-06
-6.0420515179529e-06
-6.1699890816933e-06
-6.1601262944086e-06
-6.2808606503684e-06
-6.9348017737989e-06
-7.7216609412052e-06
-8.1760371996228e-06
-8.6426512711376e-06
-9.4057849559499e-06
-1.0228405437365e-05
-1.115398354819e-05
-1.2436508500818e-05
-1.3908604195953e-05
-1.5244400455062e-05
-1.6275969561975e-05
-1.7010717468223e-05
-1.7937532502697e-05
-1.9662221546779e-05
-2.1845295302128e-05
-2.3643505449063e-05
-2.5209989271843e-05
-2.742522926637e-05
-3.0410344776414e-05
-3.3426192722084e-05
-3.625233333619e-05
-3.9380811937511e-05
-4.2326317390681e-05
-4.4183146830466e-05
-4.4718138353689e-05
-4.1188858401593e-05
-2.8862983857715e-05
-5.6915372508801e-06
3.0854808532306e-05
8.6403637605323e-05
0.0001633369044867
0.0002584056145072
0.0003650816042215
0.00047167069211
0.0005603531275424
0.0006133356127633
0.000620615692532
0.0005846298452067
0.0005207364856333
0.0004493138054122
0.000388401828903
0.0003506197256956
0.0003396313498913
0.000356948880808
0.0003947884590345
0.0004244361468779
0.0004243827230725
0.0003805623011387
0.000275660716322
0.0001234461359067
-7.6532884005193e-05
-0.0004058839629064
-0.0008061572974421
-0.0007853973394604
3.1291640005815e-05
-0.0004061939148169
-0.0062920727450649
-0.0064404491529372
0.03205368638651
0.10283754937428
0.19828106774341
0.30658375143791
0.41443328851206
0.51117336316056
0.59794993039505
0.67657146260344
0.75160106988769
0.82383410688292
0.89220776682162
0.95892071583728
1.0234790817411
1.088553998098
1.1513377227829
1.2119670483728
1.2727708652714
1.333687820108
1.3919663551666
1.4490171469684
1.5068796126636
1.5628568007331
1.6165979683942
1.6701493787805
1.7235309911822
1.7753725686785
1.8258344760186
1.8752449671573
1.9239351005744
1.9718906323159
2.0193249841897
2.0661166865897
2.1119584131179
2.1566963161832
2.2007309602279
2.2453371995023
2.2883281713403
2.3311091615139
2.3731702441708
2.4144001257456
2.4552399704274
2.4947504179804
2.5339437862005
2.5728737845924
2.6115173232371
2.6494158758041
2.6873775981555
2.7243950958926
2.761682065008
2.7978897677434
2.8337091185774
2.8694093360727
2.9050240546973
2.9393250937563
2.9732786125645
3.0077353329931
3.0408518338813
3.0738473361249
3.1066319302596
3.1398649338472
3.1720583095523
3.2038036653516
3.2354887172278
3.2676599895811
3.2988278150881
3.329415192892
3.359980857616
3.3905952710357
3.4207633536177
3.4510536130135
3.4811850415798
3.5106979057575
3.5398384077589
3.5680883905445
3.5958856979141
3.6233506037882
3.6498043517632
3.6753488268189
3.7007525474428
3.7252497282306
3.7490009201117
3.7727822995178
3.7962037370901
3.8188595703357
3.8410267493598
3.8630626414404
3.884976946303
3.9058065631598
3.9264367685522
3.9474236584881
3.9681670161239
3.9885635783649
4.0090386613088
4.0287114700537
4.0476814227436
4.066848589764
4.0859614404393
4.1043288909206
4.123034424113
4.142255138628
4.161004924343
4.1793915314067
4.1976789154274
4.2159743989849
4.2343597133132
4.2528443358346
4.2711023197954
4.2895808407154
4.3079340163848
4.3258698090286
4.3444434030633
4.3629482402659
4.3803350369127
4.39757677241
4.4152736995307
4.4332324742702
4.4514766573261
4.4696798978994
4.4874192492477
4.504913931215
4.5223967851789
4.5397517496906
4.5569770162048
4.5743139193931
4.5917149204476
4.6095006532036
4.6276560806762
4.6453114329152
4.6625040390219
4.679747489396
4.6968031952438
4.7136632035922
4.7303852839571
4.7467874253208
4.7635498448674
4.7810941365354
4.7986974247958
4.8159635973029
4.8328799542284
4.8492584856824
4.865060203125
4.8803051871528
4.8942412782801
4.905581022574
4.9140617165149
4.9206120091441
4.9265197891697
4.9323776765601
4.9378905001207
4.9430666014554
4.948350862545
4.9536033086811
4.9585314861456
4.9634062374024
4.9684116396497
4.97325376124
4.9780639125965
4.9834929207409
4.9897557048295
4.9966339540965
5.0040732576818
5.0119300810505
5.0197561541596
5.0275307076198
5.0358016352769
5.0448208373061
5.0544992747403
5.064647035807
5.0750235235455
5.0855728602809
5.0963886936592
5.1076159369986
5.1195806762871
5.1326807444435
5.1468337910552
5.1615002770944
5.1766846256577
5.1929862030944
5.2107282540537
5.230066531751
5.2509187047117
5.2720282659097
5.2916046164115
5.3085847357421
5.3222990418527
5.3330203783432
5.3426296288833
5.3524400741993
5.3621233443038
5.3713456793237
5.3801480918093
5.3886090799035
5.3972776697313
5.4068116637388
5.4172919302147
5.4282355517555
5.4389714696088
5.4487385570735
5.4565824022896
5.4619382696552
5.4653737510131
5.4679292385071
5.4699951871829
5.4717834876579
5.473171983922
5.4736433164429
5.4736170606723
5.4735314255349
5.4734743094896
5.4734470679492
5.4734253300455
5.4734108030795
5.4734184608623
5.4734296078612
5.473415374528
5.4733828510385
5.4733468086629
5.473351972611
5.4734097179372
5.4734549636437
5.4734451787303
5.473389264234
5.47332083258
5.4732890121941
5.4733286710515
5.47339682517
5.473421312973
5.4734038344488
5.4733886180519
5.4733964498972
5.4734093053646
5.4734076051009
5.4733936935121
5.473379571109
5.4733786985079
5.4733857151316
5.4733862837379
5.4733918279595
5.4734044848206
5.4733947012753
5.4733602860785
5.473345530143
5.4733790636102
5.4734155839315
5.4733957654571
5.4733484513844
5.4733363178667
5.4733670793678
5.4734136907167
5.4734299896258
5.4733994712001
5.4733726577652
5.4733845661476
5.4734083244343
5.4733844126357
5.4733032932295
5.4732358773811
5.4732403281654
5.4733124093437
5.4734052055727
5.4734501151999
5.4734123274959
5.4733144082588
5.4732154800741
5.4731852772179
5.4732437918349
5.4733243700745
5.4733511377613
5.4733205921272
5.4732705410788
5.4732436390836
5.4732716018482
5.4733329395926
5.473361743574
5.473321599176
5.4732508656891
5.4732100384523
5.4732181104114
5.473246313552
5.4732594592715
5.4732509839815
5.473228117033
5.473219375909
5.473252022028
5.4733011515873
5.4733122853828
5.4732659817329
5.4732001535197
5.4731637484602
5.4731712370569
5.4732030859977
5.4732323128244
5.4732371523762
5.4732184582458
5.4732042643553
5.4732109396103
5.4732287796473
5.4732328670272
5.4732072772489
5.4731668006799
5.473144824291
5.4731595453
5.4731917113547
