70.0
70.0
70.0
70.0
70.0
70.0
70.0
70.0
70.0
70.0
70.0
70.0
70.0
70.0
70.0
70.0
70.0
70.0
70.0
70.0
70.0
70.000000000009
70.000000000762
70.000000037496
70.000001044535
70.000016499973
70.000148181224
70.000766560457
70.002395737623
70.00511203201
70.009135166864
70.015772638229
70.026027006557
70.042078305668
70.067597665988
70.108099169801
70.175878015198
70.2840151921
70.424888426193
70.56793947485
70.716938992373
70.891228203589
71.08007310879
71.283656919581
71.508132143636
71.752881543077
72.018588196763
72.31701658741
72.66366612837
73.052473794888
73.479192927322
73.968957221369
74.516609984226
75.114512939783
75.734518632348
76.293457115377
76.575349669856
76.41686937659
75.877200561226
75.27500121835
74.814823451894
74.413499535219
73.802598676799
72.788174478187
71.181693160655
70.322584304596
70.451356198569
67.998255504565
78.578690328777
74.743178893549
67.510422213747
59.951184429603
59.076332102755
59.328923903142
59.34060689646
59.755738591455
59.915678508756
60.33178851603
60.460636854593
60.769379534801
61.049919617291
61.360878395843
61.664452825944
61.847355460873
62.073745201517
62.324128317544
62.503025065079
62.604744380322
62.762812238871
62.932405672945
63.089436856374
63.177832189509
63.282077814947
63.369304679087
63.467568205328
63.562365547337
63.622642103195
63.681847875133
63.714344690011
63.793868888224
63.863446631813
63.901778439176
63.963928587581
64.014325415499
64.047254187173
64.062452353151
64.086430218141
64.121224187826
64.173839233088
64.197811491676
64.193776588138
64.237874788582
64.289063676987
64.332485852872
64.460892483948
64.494397336278
64.52305346326
64.445118743277
64.495743090789
64.511524706804
64.386931477587
64.271814893303
64.317981344617
64.303137723617
64.242991000314
64.29864857437
64.340274794342
64.292821486974
64.308017411351
64.341058345526
64.406027577733
64.433965691244
64.404609726038
64.423608189265
64.467747528606
64.518245862041
64.530726880003
64.564692775775
64.575868901119
64.653468392393
64.760474691571
64.740928974382
64.74847130604
64.764960577914
64.790591098768
64.778678362537
64.777677147383
64.790484674208
64.811741960828
64.801308293042
64.804375525714
64.840576892814
64.837453311925
64.813460766889
64.819612871572
64.839486057086
64.840537522076
64.838802520166
64.765045769194
64.691971411419
64.676730792923
64.712831833413
64.619048712936
64.494402322966
64.321569940016
64.167871371232
64.091894650196
64.161474016156
64.297878189668
64.367384731586
64.346824043009
64.252174673698
64.224126515092
64.263164849623
64.303455384717
64.373957857932
64.476667103855
64.572513101895
64.664692433583
64.769099193866
64.846302167559
64.865040269627
64.873843762702
64.900876904636
64.959707700496
65.036751445412
65.137385047956
65.257762914723
65.303524019781
65.339835126418
65.334621867073
65.313649388431
65.274486266546
65.228013515302
65.212249951088
65.204289914324
65.201025555376
65.228940497607
65.154411052048
64.897917040285
64.620219322388
64.444768134451
64.348890110671
64.348720213843
64.368862816798
64.382837070664
64.365745580583
64.33717600098
64.36812144321
64.352423861583
64.269224770811
64.305721356585
64.386918312896
64.430064887993
64.506079081744
64.456665753044
64.318998289938
64.248489605355
64.168403799067
64.129569250466
64.242831596169
64.370024253188
64.301040044103
64.156343513418
64.058136831441
63.961678014301
63.943931002975
63.968904950137
63.979852744312
63.969233166342
63.935157889974
63.91506428932
63.923493280675
63.913982543018
63.896407078571
63.888613426407
63.879613499762
63.871502597837
63.868496918206
63.880649596865
