0.0
0.0
0.0
0.0
0.0
0.0
0.0
0.0
0.0
0.0
3.4966823651506996e-217
9.4315486816512e-202
1.0219201399917e-190
1.8519919594185e-181
2.3307732644076e-173
4.1783943082361004e-166
1.6482996136428998e-159
1.9139569718580002e-153
8.052183681563e-148
1.4337045318959e-142
1.2185548431746e-137
5.4411144883962e-133
1.379854684579e-128
2.1195662776198e-124
2.0810704717799e-120
1.3664112302968e-116
6.232536754089401e-113
2.0392508546261e-109
4.91759250604e-106
8.9425921929343e-103
1.2505466064288002e-99
1.3677438037031e-96
1.1874609107765e-93
8.2924308086714e-91
4.7138590108852e-88
2.2051675048737e-85
8.5752241187399e-83
2.7979635997747e-80
7.726977605157399e-78
1.8208753476911001e-75
3.6894469809500996e-73
6.473701261422499e-71
9.902827555392901e-69
1.3289247425218e-66
1.5736827965108e-64
1.6533983572771e-62
1.5491025201274e-60
1.3003461505620999e-58
9.821711732931199e-57
6.7016712992961e-55
4.1458875096057e-53
2.3330412592756e-51
1.1978479335948e-49
5.626553042979e-48
2.4239675811888e-46
9.59939287893e-45
3.5018675131765e-43
1.1790389274333e-41
3.6702682534112e-40
1.0580821127177e-38
2.8291161789517997e-37
7.025891644367201e-36
1.6226899785086e-34
3.4895925648664e-33
6.9952017731409e-32
1.3084437526223e-30
2.285838568396e-29
3.7328739463447e-28
5.7027820000870005e-27
8.1561019109468e-26
1.0927161683424001e-24
1.3721701043567e-23
1.6158522735541e-22
1.785134932367e-21
1.8507194019998002e-20
1.8004164678672998e-19
1.6411311338294001e-18
1.3933923337289e-17
1.0430074180145001e-16
4.3721460308131004e-16
-4.2373099927404005e-16
-3.5806986092161005e-15
-2.0255684078624e-14
-1.1395313240749e-13
-5.9798739750123e-13
-2.9410944490450996e-12
-1.3532689438446e-11
-5.8198729615763e-11
-2.3364775845181e-10
-8.7442126214774e-10
-3.0458073309553e-09
-9.8560814302092e-09
-2.9566148062671e-08
-8.2014447581116e-08
-2.0976265494559e-07
-4.9298323468922e-07
-1.060412308725e-06
-2.0779667286338e-06
-3.6897345218443e-06
-5.901334986267e-06
-8.4507653916583e-06
-1.0790708276775e-05
-1.2327142269674e-05
-1.2910488112385e-05
-1.3264978210724e-05
-1.4843842405687e-05
-1.8913497583934e-05
-2.5493661221708e-05
-3.3314960362576e-05
-4.1241412937991e-05
-4.9951165655899e-05
-6.1974231525327e-05
-7.9816652186487e-05
-0.0001043173001494
-0.0001353472285668
-0.0001737821849299
-0.000220948821325
-0.0002735367998606
-0.0003175732276439
-0.0003285005785658
-0.0002808041029904
-0.0001634125861902
6.1178222466283e-06
0.0001761989204485
0.0002761358485332
0.0002584040414008
0.0001451244548929
2.7575548141779e-05
-2.2731399887209e-06
6.6655709278377e-05
0.0001545654720016
0.0001714764931925
0.0001091284796824
4.1782228877839e-05
3.2296566774482e-05
6.1058112191259e-05
6.6524974322304e-05
2.6485124634926e-05
-3.5075864854457e-05
-9.2770510788694e-05
-0.0001283948505361
-0.0001204810159356
-6.9262542681613e-05
-1.3455007139603e-05
7.4525290452194e-06
-1.071056834297e-05
-4.6017929653875e-05
-7.1723695791053e-05
-7.4999338764019e-05
-6.7380227402103e-05
-5.8942557408306e-05
-4.3389258321016e-05
-3.5174219304915e-05
-5.8758543205299e-05
-8.5496238482339e-05
-7.6706038665289e-05
-6.483772387904e-05
-8.3763832523531e-05
-9.5581562404112e-05
-7.8024976546691e-05
-7.2248365281944e-05
-9.1132601880002e-05
-9.0988919607997e-05
-5.8645760218494e-05
-4.9300383649488e-05
-9.8737852195237e-05
-0.0001434556677747
-0.0001220049256801
-9.4158788374447e-05
-0.0001101836224601
-9.2852465013836e-05
-1.2538667510151e-05
1.5060504790905e-05
-6.3127110088926e-05
-0.0001356710068278
-0.0001335597780089
-0.0001349412058393
-0.000153204179547
-9.9342883661056e-05
-3.9253101599229e-05
-7.853173987819e-05
-7.927998151129e-05
5.8652736394137e-05
0.0001801803389605
0.0002399076399167
0.000399035114798
0.0006519976354525
0.0008282305271937
0.0010136992057337
0.0014122360841305
0.0017789160403566
0.0017895794591905
0.0016062290520779
0.0012829645235962
0.0005642399944691
-0.0004834571899088
-0.0016006427859855
-0.002591162875012
-0.0031721968740337
-0.0031562885356028
-0.0025599173729348
-0.0015178723084904
-0.0003349127805415
0.0004895400769679
0.0006482955906404
0.0003784689732639
-0.0001521251928907
-0.0008280450787362
-0.0010788767600281
-0.0007863671401988
-0.0002028919791856
0.000748638486294
0.0018512087136441
0.0028097863387739
0.0035257210038662
0.0037547605819666
0.0032940153570223
0.0019110967971043
-2.187962393369e-05
-0.0015862624418041
-0.0029385835748783
-0.0038576381964658
-0.0035595958085794
-0.0030423274109184
-0.0026047581823427
-0.0021126748551931
-0.0032326111925862
-0.0070581001019464
-0.0085352674006068
0.0030549155681505
0.0096847564728873
-0.0710363081162
-0.19610080133409
0.4503482280685
2.6798481337193
4.3153331659473
5.0474428687698
4.9033046398985
4.2301913905801
3.733175077583
3.2104690953128
2.9713429141665
2.8280624870749
2.619173264096
2.5212853911985
2.4848924849218
2.2880284704986
2.2597034664207
2.1206076403699
2.0639426034037
2.0096251809676
1.8920193999934
1.8746415916682
1.8175209368128
1.7114322275213
1.6717742488958
1.6283337944756
1.5824221869227
1.5679425601439
1.5635496933196
1.4773080348912
1.4262372805309
1.3369687492331
1.3621696487659
1.2963474801587
1.2712429283412
1.2561727023783
1.193098863815
1.1637097794364
1.10203838845
1.0575948352114
1.0826437380555
0.9726396002895
0.85470291391232
0.84093931642446
0.80741519605887
0.73119262859311
0.72507751128139
0.75104617439816
0.6849089101383
0.72296769918463
0.71763142082837
0.68139908595644
0.66408720269067
0.6182348673649
0.62810437130736
0.61942592651079
0.58932800364921
0.5916945960319
0.57522092573841
0.53644571303604
0.53543132806411
0.5297352613967
0.51678183883386
0.46918094326482
0.28668479383498
0.092037250765564
-0.0016029582667443
-0.0034672703989713
0.0032219801306965
-0.0019482896677303
-0.0086404902139847
-0.002337252077389
0.002695231406058
0.0022165089836434
0.0011992540787986
-0.0032389879974559
-0.0062986367183271
-0.023733260067438
-0.015199946925826
0.1030594625238
0.18700655919304
0.21888894049393
0.1685073234329
0.062359739654561
0.025854630688826
0.012629291934729
0.007433413597191
-0.0028248083877358
-4.6598547243091e-06
0.0010259204639596
0.0011744424748272
0.0014257524512118
0.000427188239449
0.0008747195840541
0.0002784063164895
0.0010991024922191
0.0017073580702132
0.0010721754073018
-0.001424467084199
0.000865677321471
0.0026360338059916
-0.0004524032306108
0.0014996841663617
0.0003939793174367
-0.0001537771698423
0.001838799022913
-0.0010118641522894
3.7103606231881e-05
0.0032499615720383
0.0016442449510379
0.0010008767143077
0.042729049718382
0.14093059966651
0.18674352976671
0.2303837980417
0.2296362096077
0.25998584921076
0.22702940570483
0.17724987826426
0.17110299648895
0.15636921002553
0.14643229996825
0.15822293871057
0.18297334520945
0.17551503725688
0.15927087417609
0.13521115477548
0.11262698859706
0.11787252321387
0.13850243103768
0.15147936871251
0.16827913410093
0.1517161797155
0.11728778271411
0.10301087775293
0.11692117536892
0.15442038276685
0.17681400462273
0.1582156470576
0.1573299708074
0.18615623390357
0.2214651345005
0.2474216815596
0.24109104851497
0.22924487370588
0.23236494567751
0.23962801674013
0.23811693680464
0.23849812257151
0.22978892470054
0.2098457565074
0.20545230944027
0.21886466636474
0.22672632685587
0.19575679752428
0.1504800956571
0.12953189262124
0.12263592261323
0.12691289132682
0.14207853874684
0.13417507924611
0.094713503377086
0.065669499395504
0.062836018454426
0.047371065500101
0.027482036368198
0.025448989727472
0.023873847466405
0.0086472879464949
0.0026063295544887
-0.0016880818021647
-0.0078899837447466
-0.0093804477110382
-0.0053346600674686
0.021398297954889
0.1105764915879
0.10186249710014
0.032258929888762
0.0014841019991607
0.021669716703876
0.062303843640343
0.11444596061576
0.16881716135
0.17385838377191
0.14211483081574
0.079195689847822
0.030032274387004
0.043719902288331
0.10108102550728
0.15163331728996
0.17749374578724
0.20263371079867
0.21709727129338
0.18939810404586
0.13974768649856
0.12153290965848
0.11766106744293
0.13048960712876
0.1362472733792
0.099779888851259
0.052967509977364
0.028014289557277
0.035455325258305
0.056023434385288
0.075859466446815
0.095061789534512
0.10521306697271
0.10530389223558
0.10106037365727
0.077760423430462
0.034874841748334
0.003647714844135
0.0064584733644679
0.017141192530268
0.01283031569379
0.0013769602196234
0.0011221376638559
0.0031331696503045
0.0038771169176499
0.0048588708509101
0.0022250176304084
0.0013760698877263
-0.0010712616653308
-0.0029407809513771
-0.0022214981118651
-0.0016198777579746
-0.0007091764537392
0.0007673910419114
0.0003679081618912
-0.0006303091053538
0.0001110586916652
0.0013772476677332
0.0012856635013492
0.0001669064896958
-0.0007585352932437
-0.0013152961960472
-0.0023289027033968
-0.0028459490355459
-0.0008054184581496
0.0018348667033763
0.0024160722380984
0.0020712526382027
0.0014473730551856
-0.0007995490536316
-0.0030117325165335
-0.0028396331346769
-0.0010068573946143
0.0005084098061658
0.0016183618315679
