0.0
0.0
0.0
0.0
0.0
0.0
0.0
-5.3647899242379e-130
-3.8312338744576e-119
-1.8201787119704e-111
2.2303003491415e-103
1.4464593686535e-96
8.190262791135e-91
-4.1588968723427e-85
-1.1876973130798e-79
-6.810244874603401e-75
-1.3513197956849e-70
-1.1701245957655e-66
-5.141640929126001e-63
-1.2653890986699e-59
-1.8524781221214e-56
-1.6796841948708e-53
-9.7655901802583e-51
-3.7665362717618e-48
-9.9645175928057e-46
-1.8661446159373997e-43
-2.5465098413814996e-41
-2.5982558357709e-39
-2.0283924825131e-37
-1.2374768659174998e-35
-6.0302802423602e-34
-2.4163073306044e-32
-8.363015327409399e-31
-2.7181578198857e-29
-9.1228298660817e-28
-3.2373626540279e-26
-1.1337210364291001e-24
-3.6090642753688e-23
-9.8142622466402e-22
-2.103016641016e-20
-3.0793930004346e-19
-2.1318883707936e-18
9.805695367747e-18
-4.0982466148793003e-16
2.402347555835e-16
3.2452951215069e-15
2.2694424763074e-14
1.7837537269229998e-13
1.472220381479e-12
1.1235097199757e-11
7.314664250204e-11
3.9384998685602003e-10
1.7362602849761e-09
6.2378350678455e-09
1.8173527321576e-08
4.267221676423e-08
8.0428924634244e-08
1.2298966327778e-07
1.6100419369713e-07
2.0100941679511e-07
2.4892611570851e-07
2.6179518605306e-07
2.0658687333643e-07
2.4056221515397e-07
5.7277656067818e-07
9.126869616571e-07
6.9749467237622e-07
3.701443054404e-07
1.0237731497839e-06
2.0846471404136e-06
2.0321867109452e-06
1.7014504303517e-06
2.799856194417e-06
4.5393786604619e-06
5.9175715722958e-06
7.2301597184993e-06
7.8968077595228e-06
7.8971002577533e-06
7.5996813054396e-06
5.5683898160866e-06
3.4216410677024e-06
4.3029761906399e-06
4.5793403798122e-06
1.9656794063988e-06
2.6034731231972e-06
7.8610509171573e-06
9.3418962919534e-06
3.1623951166071e-06
-8.8551506266521e-07
4.861268404488e-06
8.2769425757689e-06
2.9016944458338e-06
5.0870445508777e-06
1.2587417261289e-05
6.7499080130817e-06
5.4108692804089e-07
8.5559480500486e-06
1.3474380333722e-05
9.0596513652175e-06
9.8623360117456e-06
1.4132189046778e-05
1.0506880260275e-05
8.7390699177181e-06
1.3588534447662e-05
1.2733261206543e-05
2.0363428948622e-05
2.6534826269575e-05
8.1171182664264e-06
8.3687560270551e-06
1.148573668952e-05
-3.6500169775522e-06
8.7204017007458e-06
-2.4377124752117e-05
-8.0812752911719e-05
-7.2561775754654e-05
-0.0001149575225345
-0.0001660102911693
-0.000145026424736
-0.0001062979456345
-3.9890862901792e-05
8.221287506327e-06
0.0001347037388188
0.0002080363767254
0.0001056490341877
0.0001388635190391
6.6073034399317e-05
-7.5590945614045e-06
6.702146495563e-05
-0.0002173427566309
-0.0001668713183244
0.0004485905740925
0.0014210459118938
0.00023256268653
-0.0049617941567659
-0.0014089704285569
-0.0068981448073879
0.013104516776885
-0.0003060491740925
-0.0012013025513014
-0.0003677112728972
0.0010282114030868
-0.0029533474465548
0.0012918681376872
-0.0030964601252848
0.0038435229388289
-0.0002978890611959
-0.0032983709692402
0.0052471464475845
-0.0020146641694252
-0.0023953399146626
0.0025987677835015
-8.4014086931815e-05
-0.0003509580809746
3.9301683441018e-05
-0.0012945639477513
0.0033307254952542
-0.0023070758215171
-0.0009793047943462
0.0029368805114727
-0.0016731589800312
-0.0011999148566089
0.0037423595222297
-0.0033971115676046
0.0003390920657153
0.0020051681641542
-0.0019373030185843
0.0013137845289224
-0.0007937524193035
-0.0001835218143675
0.0014074621251359
-0.0021022809213234
0.0016002788616021
9.0835807942113e-05
-0.0008139568323128
-6.8927968266408e-05
0.0010626081304421
-0.0013273440165884
0.0008131142725798
0.0003555170277946
-0.0010329553109312
0.0004629404968481
0.0007396082241317
-0.0012053238295118
0.0005200885164091
0.0002520905023506
-0.0004429982469744
0.0002747154474458
0.000413725692272
-0.0010495694238499
0.0005350798848557
0.0008023504913801
-0.0013625178463261
0.0006253822544599
0.0001623292415264
2.761265914808e-05
-0.0008548035754896
0.0009096910187578
0.0003843930495128
-0.0010114254525906
-0.0002241259359325
0.00119314108048
-0.0002235100383218
-0.0009682039403435
0.0007260031297917
-0.0001658033924267
0.0005861628169068
-0.0014110033929926
0.0008879946707507
0.0008788360379319
-0.0013612304990529
-3.7272524877619e-05
0.0012989289550513
-0.001053470455098
-0.0001173247354935
0.00081569583254
-0.000752706731899
0.0004337052533387
1.0397722444155e-05
-0.0004147791290543
0.0003869885508711
0.0001569780148535
-0.0007781335025158
0.0006127721937754
0.0002671595559111
-0.0004981203211296
-8.2951807789389e-05
0.0002688821327923
0.0002806249125686
-0.0006805360851791
0.0001241621230441
0.0005248295175897
-0.0001740691516649
-0.0003233092867649
0.0003210152484972
-5.3824410151118e-06
-0.0002013009425677
-1.8278060445742e-05
0.0002495974814747
-0.0001697139141693
-0.0001447615049943
0.000103249296296
0.0002643525185114
-0.0004245469763658
0.0001069636332506
0.0004778687596601
-0.0006737855368699
0.00011395308393
0.0005333716435074
-0.0001936321947615
-0.000293495474124
-0.0001542115833391
0.0004830264410005
-0.0001371047111425
-0.0002143251305319
0.0001710858773873
0.000294472599352
-0.0004999187017379
0.0001023152325002
0.0001777953085868
-0.0001913998089797
0.0003064436587624
-0.0002039364616707
-0.0001811165377452
0.0001793054759446
1.0715431886243e-05
2.370151456349e-05
1.0371126123177e-05
-0.0002407751017952
0.0002664566720031
0.0001934265921516
-0.0003935700675583
9.5677332331845e-05
0.0002510599164215
-0.0004309504741367
-3.7095807949028e-05
0.0004349787136037
-0.0001905679459193
-6.361099579022e-05
0.0002078037770608
2.8963795996317e-05
-0.0003253303909711
3.5806361819989e-06
0.0003143811149491
-0.0001102403998837
-0.0003780003189422
0.0004234452062018
0.0001194036106599
-0.0004344083671142
0.0002301986969405
0.0001618010911703
-0.0001956592192597
-0.0001072153473849
-8.2602551243483e-06
0.0002716567483816
-8.8229696648331e-05
-0.0001522271950681
0.0002806257576652
-0.0001754681405501
-0.0003108101117615
0.0002989563575666
8.2259428126443e-05
-0.0001096135787551
7.5988880962781e-05
1.4959308375188e-05
5.8460553433414e-05
-0.0002802761724159
2.0485846391818e-05
0.0002643770746494
-0.000177117858274
-7.7445601245896e-05
0.0002221498764346
2.3705499476584e-05
-0.0001901298208976
7.6105453420544e-05
8.4316292498637e-05
-0.0001345083666608
-0.0001561760828466
0.000201641450323
0.0001202165169314
-0.0002023269434464
-3.8777904561027e-05
0.0001866649964502
2.1248137323238e-05
-6.1608258522527e-06
-0.0001071381174125
-0.0002468330075652
0.000158521305546
0.0001866847307824
-0.0002955062545689
-7.7824536294513e-05
0.0001355266746438
2.7238813780916e-05
0.0002091492156131
0.0001453376419657
5.1529951622387e-05
3.5915284013477e-05
-0.0001727025921743
-0.0001493444484856
-0.000184005116155
-6.7322945918047e-05
0.0002252317627793
0.0001651029992999
-7.1112971511411e-05
3.3467180532432e-05
-7.8282995769063e-05
-0.0002184837987251
0.0002459286239542
0.0002582508977222
-0.0001064828264119
-0.0001372300938218
-9.2919115946e-05
1.3831682410537e-05
7.5763529450157e-05
8.8023604394305e-05
-1.7450808142971e-05
-7.2278628782119e-05
-0.0001632084108527
9.626106067806e-05
0.0001552943768357
-5.1648678389693e-05
-6.5665898751899e-05
3.6921933066481e-06
-2.9902311737829e-06
0.0001500028612655
8.7167511342301e-05
-0.0002607119039099
5.2855838572619e-05
6.4705864466497e-05
-7.3482143125858e-05
6.7718411767004e-06
-4.5186763086846e-05
5.7806383124692e-05
3.4205823773448e-05
-4.9129583490348e-05
-6.7128772496261e-05
0.0001937840945709
5.1365245479218e-05
-0.0001243393295657
-0.0001336689317676
1.9411765439514e-05
5.9088947002017e-05
4.3935970817088e-05
7.5283449785246e-05
1.1163925894842e-05
-0.0001636217131784
-5.2181416765329e-05
0.0002228443582774
4.2571305214345e-05
-7.5504321594977e-05
-1.3592813763452e-05
-7.0034622545734e-06
1.3517282493325e-05
-0.0001020975384236
-0.0001687487759527
-0.0001022153577112
-4.1863342348236e-05
0.0002865031172749
0.0003500684008228
0.000235135279647
0.0001781939109157
-0.0001441433611137
-0.0004309063303287
-0.0003048725580656
-7.2238178905337e-05
6.2416363832973e-05
0.0001325456908229
4.9917968580893e-05
-7.3229170305389e-05
6.155956933096e-05
4.0115132970975e-05
-3.7314447776104e-05
2.6687362675304e-05
-0.0002466737325956
0.0001544122764096
0.0002044232789932
-7.0683740083233e-05
-7.8132887249005e-05
-4.1168117248525e-05
2.9656423938818e-05
3.5296915990024e-05
-6.684200293261e-05
5.1634360387354e-05
0.0001506164726716
-9.0253928441975e-05
-0.0001301843596479
7.3166075864606e-06
0.0001293948502789
7.7569450196435e-06
-8.7291928663191e-05
-4.1551072693657e-05
-5.1685491553322e-05
8.3736766898213e-05
0.0001361325379978
-8.4339418782164e-06
-1.145874128916e-06
-6.9612080277892e-05
-8.9574252881697e-05
2.1883707268522e-05
8.7102183932153e-05
0.0001219472803404
-6.1770677861617e-05
-0.0001685211566515
-3.2404496641547e-05
4.8761259607843e-05
0.0001417481543697
-3.3606971427957e-06
-0.0001470479039644
-0.0001088388725367
0.0001168397163686
0.0001755364149813
6.6906038043158e-05
-0.0001334249049245
-0.0001240677056868
1.4794859670708e-05
8.5721723874777e-05
8.567416076577e-05
-3.1611293316303e-05
-0.000121879868109
-3.0384964277985e-05
0.0001478509309649
9.7034475432523e-05
-5.5362687501059e-05
-0.0001070327366736
-7.0165425336555e-05
5.3615131845319e-05
7.9962162735647e-05
-1.2301892904354e-05
-3.8654805845084e-05
-3.3969896273689e-05
-2.1018353457691e-05
7.5755131767608e-05
8.9324262386725e-05
-3.3802947885242e-05
-6.6023532885318e-05
-5.6243767532216e-05
-3.8501265153812e-05
2.3185357655997e-05
5.3296986513018e-05
5.6974517503861e-05
1.3693847056295e-05
