0.0
0.0
0.0
0.0
0.0
0.0
0.0
0.0
0.0
0.0
0.0
1.0319541956836e-164
7.745737950127001e-150
2.8313806492662e-138
1.481358073391e-128
4.2846134765905e-120
1.5089305693680002e-112
1.0842223274489e-105
2.3161704663538e-99
1.9345983253631e-93
7.1378102928232e-88
1.175013530812e-82
8.7533655737978e-78
3.1427543221229e-73
6.1547776226964e-69
7.9584361650441e-65
7.925912653879201e-61
5.9407931787041e-57
3.0555604187685e-53
1.0380438543759e-49
2.3454144270728e-46
3.6039642056965e-43
3.8587236832762e-40
2.9436795972830997e-37
1.6315091097834e-34
6.680947158633999e-32
2.0514729308268e-29
4.7888797959105e-27
8.5941661224183e-25
1.1887918231359e-22
1.2497684515723001e-20
9.4510474280414e-19
2.4729742255143e-17
-2.8327873321143e-17
-3.2410039197694003e-15
-1.0256923983712e-13
-2.0895666186821997e-12
-2.8700337577783e-11
-2.7017372491654e-10
-1.7632357802767e-09
-8.0857233583984e-09
-2.6324775300728e-08
-5.9761593992137e-08
-8.8034872138682e-08
-8.1170217871801e-08
-7.4494488917158e-08
-7.4581475136874e-08
-1.6655142060377e-08
-1.5604481545368e-08
1.5818468988701e-08
1.5710383653216e-07
6.6777275262256e-07
2.4151987923234e-06
6.1084317554215e-06
1.1916665929867e-05
1.8231209400711e-05
2.4523183671995e-05
3.2704722405075e-05
4.0608867070541e-05
4.7423401546567e-05
5.5920121135404e-05
6.4455069145461e-05
7.1388187050206e-05
7.8896625017494e-05
8.8528275093444e-05
9.7432635860661e-05
0.000105853537026
0.0001172029237578
0.0001293821236412
0.0001397661688874
0.0001515837217941
0.0001656950972926
0.0001811171850075
0.0001961492078244
0.0002146276963299
0.0002423713650897
0.0002792388647592
0.0003137688102976
0.0003336755604383
0.0003520284894436
0.000387378074571
0.0004364996627093
0.0004915311101873
0.0005103148531752
0.0005265769521199
0.0005939688790017
0.000726029769882
0.0009284666525255
0.0011619932549151
0.0013534665355615
0.0014051408625696
0.0012523547922085
0.0010023206595895
0.0007888636828054
0.0006638909452069
0.0005628533880395
0.0003229612916906
-3.393793908732e-05
-0.0003406418627828
-0.0004063760729332
-0.0002749994662689
-0.0001412672741049
-0.0005353600023976
0.000286352511438
-0.0026908193909397
-0.0006154433427356
0.14639816943792
0.39428136171724
0.60874228095546
0.77952664696808
0.92807295135974
1.0669578276044
1.1969295668607
1.3215730681233
1.4411332352677
1.5568715897322
1.6691533469255
1.7774202099781
1.8833008925772
1.98623023488
2.0864612180743
2.1855220386269
2.2815964089423
2.3761818186422
2.4689962503417
2.5602596759813
2.6491157675813
2.7363921717583
2.8212030127713
2.9036454033675
2.9829966156454
3.0580175677352
3.1308448736012
3.2022996129866
3.2716569650325
3.33680662438
3.3892208680659
3.4253173642032
3.4551408374621
3.4840125781403
3.5125840111456
3.5402501443122
3.5691205772743
3.6021603930275
3.6359164109718
3.6580615798648
3.6687934521528
3.6769741863066
3.680259834931
3.6805623921446
3.6805277760779
3.6805658675864
3.6805329206249
3.6805063221522
3.6805179957086
3.6804703567172
3.6804409506136
3.6804968612767
3.6804534839122
3.6803674004811
3.6804181760096
3.680329976623
3.6803289136465
3.6804359698765
3.6803176876905
3.6803184471797
3.6805790546826
3.6805150814904
3.6801792368585
3.6799828360041
3.6798857909027
3.6797259798782
3.6796496202003
3.6796352756674
3.6795746191898
3.6795378682275
3.6794595606579
3.679421214291
3.6793885232845
3.6794132162806
3.679508252563
3.6794611112579
3.6792621402047
3.6793032204815
3.6795733958332
3.679485001732
3.6792186777111
3.679385574849
3.6795381319161
3.679379696834
3.6793772273528
3.679388349616
3.6792149861735
3.679181061647
3.6789172778731
3.6789611376731
3.6807434137858
3.6840589947871
3.6894038390107
3.6993544061307
3.7124997068845
3.7239386616411
3.7306692751997
3.7321153667036
3.7318982441557
3.7316699675491
3.7316928092075
3.7317820523097
3.7317628096349
3.7317374043805
3.731720918483
3.7316838716334
3.7317048609153
3.7317471204879
3.7317580010282
3.7317719236932
3.7317582088664
3.7316586326136
3.7315490824855
3.7315293273963
3.7315985992047
3.7316285314927
3.7315726068647
3.7314973745364
3.7314366039197
3.7314072741931
3.7314383537641
3.7315168116582
3.7315577455023
3.7314849438575
