0.0
0.0
0.0
0.0
0.0
0.0
0.0
0.0
0.0
0.0
8.1486880702688e-217
1.9927150621787e-201
2.0725172421950003e-190
3.6568190681644e-181
4.5154944946655e-173
7.978640442196401e-166
3.1107645451275996e-159
3.5759841816076e-153
1.4907836649534e-147
2.6313478108045e-142
2.2171211070286e-137
9.8112765192517e-133
2.4643998630249996e-128
3.7463293590897e-124
3.6364439272384e-120
2.35765536118e-116
1.0604766723393e-112
3.4170437359801e-109
8.1037603914374e-106
1.447402041298e-102
1.9856269426538003e-99
2.1281669649758e-96
1.8088664926207998e-93
1.2356238846808e-90
6.8654650341511e-88
3.1370934101614e-85
1.1908307216275e-82
3.7905759998301e-80
1.0206504973291e-77
2.3436710828577e-75
4.6245124220724e-73
7.8972634574132e-71
1.1749666345852e-68
1.5325936650988e-66
1.7628803738258e-64
1.7980009012114e-62
1.6343552476202e-60
1.3303229960265e-58
9.739511348225199e-57
6.4395751652322e-55
3.8596499356365004e-53
2.1042914276819998e-51
1.0468889074013999e-49
4.7663108309866e-48
1.9910912509718e-46
7.6500811253955e-45
2.7092839893199998e-43
8.8617976058776e-42
2.6820030652794002e-40
7.5230153856915e-39
1.9587784344789e-37
4.7407905305566005e-36
1.0679486083147e-34
2.2418195743887e-33
4.3901165042009997e-32
8.028075390856699e-31
1.3721598418689e-29
2.1939095780659e-28
3.2838497765963e-27
4.6046507845636003e-26
6.0523954908163e-25
7.4613047053009e-24
8.6312154348325e-23
9.3732222364122e-22
9.559754201559501e-21
9.1615680900294e-20
8.259187104429299e-19
7.0368228853278e-18
4.5622155891714e-17
-4.2849093682241006e-16
-1.7686178296025003e-16
-8.702418670699101e-16
-4.0543370497013e-15
-2.0916166674051e-14
-1.0507681567838999e-13
-4.9181577740241e-13
-2.1403117775366996e-12
-8.671796346960798e-12
-3.2639257718202e-11
-1.1387976078787001e-10
-3.6735334105165005e-10
-1.0920706020381e-09
-2.9801670869307e-09
-7.4290541631062e-09
-1.6812935029949e-08
-3.4266923973123e-08
-6.221813839125e-08
-9.9110449758354e-08
-1.353632485635e-07
-1.5267698413061e-07
-1.327914260267e-07
-7.7218757228714e-08
-2.5381263944006e-08
-4.5040792407491e-08
-1.8007660110391e-07
-3.8833487908541e-07
-5.464340204855e-07
-5.610734581094e-07
-4.9761287461378e-07
-5.5862246913028e-07
-8.7991255911527e-07
-1.3634886274252e-06
-1.7902231967144e-06
-2.1190284180744e-06
-2.5731724467709e-06
-3.2944187465495e-06
-3.8838672236247e-06
-3.4309178798934e-06
-1.2278979037007e-06
2.4388465449808e-06
6.2259577357e-06
8.2789718223526e-06
6.7413277329796e-06
7.6156495228901e-07
-7.3730070678365e-06
-1.172228042045e-05
-7.4179527573912e-06
2.8861744654409e-06
9.8242599515145e-06
6.6901341887015e-06
-2.8937105098112e-06
-8.3778135591893e-06
-4.1222165492312e-06
3.5192474111331e-06
4.3134876217536e-06
-1.6618525056886e-06
-5.1146608842771e-06
-2.8911704355517e-06
-1.2536791372418e-06
-2.1976528813021e-06
-2.5112988759596e-07
4.2658750163145e-06
3.8687482138927e-06
-1.768558964204e-06
-4.9937447293099e-06
-3.355563073207e-06
-6.8513478505139e-07
4.4367219401575e-07
-4.7099128626955e-07
-1.2696313885493e-06
7.2193177196542e-07
7.5099609152035e-07
-4.7884900444201e-06
-5.7848704885526e-06
2.0668248213774e-06
4.2646361053787e-06
-2.8393791136547e-06
-3.9673059288626e-06
1.2833756060664e-06
-1.1178243584954e-06
-7.5507218396726e-06
-3.1057768248504e-06
7.8461216927961e-06
5.2256109280854e-06
-9.9954166772978e-06
-1.0187017229478e-05
5.9828257371778e-06
4.7888713534961e-06
-1.0173810342211e-05
-2.2993397668339e-06
1.4045337438465e-05
1.7561595817224e-07
-2.1596027294087e-05
-8.8112229558793e-06
1.343402008045e-05
4.3473836730284e-07
-1.3609683446402e-05
9.1437718565745e-06
1.2887295586304e-05
-1.8142842711195e-05
-9.4333781950306e-06
2.3363404943494e-05
1.0953673522715e-05
-7.1937147747859e-06
1.0252131513103e-05
1.6493710197363e-05
7.3421001220028e-06
3.6210742062145e-05
6.9231370318723e-05
3.9608626787395e-05
9.7974544842122e-06
3.9667325732989e-05
5.3821706964606e-05
-2.4417489685392e-06
-7.7185950438864e-05
-8.3901813818342e-05
-4.1804728637345e-05
-6.8745657448539e-05
-0.0001194382026481
-6.0527234931558e-05
3.5864014317619e-05
1.7197591057422e-05
-2.8109928289068e-05
7.307766883356e-05
9.3015266653764e-05
-8.6381607168752e-05
-7.5779025442033e-05
3.6828330204275e-05
-4.7189903456673e-05
-5.6663506519547e-05
2.8128777361358e-05
1.5509315209113e-05
5.6226420312127e-05
9.3435304677866e-05
4.4095450427391e-05
9.9198612075369e-05
8.9020377264087e-05
-1.7849276356095e-05
1.4986851755633e-05
-7.9900857463627e-05
-0.000139472615978
-9.2479950639501e-06
-7.8314459726038e-05
-5.9821790467563e-05
2.5255213001134e-06
-9.3391872350585e-05
-1.9046245431226e-06
-1.3008748087944e-05
-0.0001821005182625
-0.0002272343384189
-0.000373897079199
-0.0022165161706238
0.0003883892595548
0.0085582766605472
-0.0089311224234126
-0.0005470590889107
-0.0009748986948896
0.009549509171211
-0.0019647042650732
-0.0011944267628717
0.0001335392197873
0.0018678973102174
-0.005120174562525
0.0018345199157724
0.000894680183968
-0.0003551031255462
-0.0014737740365595
0.0017665748819299
-0.0017606393408625
0.0017595361468348
-0.0008195247671454
-0.0010600787727459
0.002383027322273
-0.0023988293792792
0.0008949243479439
0.0018108893229245
-0.0045724220503804
0.0040444347498019
-0.0001747708019502
-0.0025398484375072
0.0022629450412413
-0.0005638233139912
-0.0012167346337286
0.0008104465554092
0.0009545396865533
-0.000730568074827
-0.0008271102838253
0.0012217644457931
-0.000715609919966
1.7073050419485e-05
0.0002051592493456
1.8787145608315e-05
0.0004935641086081
-0.0014171972440495
0.0010077572402559
0.0004867284440401
-0.001651956890965
0.0014884157485039
-0.0002608423620043
-0.0009289252106272
0.0012112640950843
-0.0006692369901551
0.0002063492199062
-0.0001064067359058
-0.0001762757398784
0.000565373034498
-0.0009320609624049
0.0008432307393811
0.0001915731968064
-0.0010045879235823
0.000206026285164
0.0010696745662969
-0.0012278148672655
0.0003212771399709
0.0005614308508455
-0.0004299990330763
-0.0003108673025
0.000330160441049
0.0004647315832008
-0.0005348430040642
-0.0004985586158332
0.0008405347952563
0.0007790739324079
-0.0016237770035543
0.0007502560824364
0.0003720290999446
-0.0007756007963282
0.000415634545537
-0.0003200627843798
-0.0001991594241818
0.0007901465555127
0.0001758906098316
0.0007389350753886
-0.0015650364557507
-0.0003213656125791
0.0006595281399123
0.0004546336868985
-0.000618142853946
1.2432131450779e-05
0.000122449441216
4.3284927875141e-05
-0.0002083323904354
0.0005712915749335
-0.0007206861987254
0.0001954489895816
0.0003744297899448
-0.0002736552301717
-0.0001085556888022
0.0003570553188509
-0.0004049272517323
1.1950382780585e-05
0.0003043803230424
8.3835831594121e-06
-0.0002854663392138
4.7624354108593e-05
3.154290170246e-05
0.0001654341712217
-0.0003331405810733
0.0004301555372921
-0.0001066136861736
-0.0005043609499181
0.0001340572813001
0.0006116303797405
-0.0003684277940626
-0.0001817279936469
0.0001720478730336
-1.8173842744603e-05
0.0001240285880548
2.1360758782091e-05
-0.0003175249852284
0.0004003837353534
2.695590304032e-05
-0.0002601266601301
-8.4353026967898e-05
-8.0592559217374e-05
0.0003186638482595
0.0003603063071163
-0.0002185188759942
-0.0007043259449051
0.000144142133013
0.0004064549006663
0.0001935852931191
-3.9161640853898e-06
-0.0004331628694208
2.8645897898328e-05
-2.9987022610325e-05
0.0001800220714494
0.000327355346606
-5.7012853243849e-05
-0.0006296931681194
0.0001230920382313
0.0003103924507613
0.0001578780725239
-5.2435428627956e-05
-0.0002942972188416
-2.4530912230333e-05
4.0434008246722e-05
-3.2922743707311e-05
0.0003010995133143
0.0001863696559602
-0.0004467721636239
-0.0002861017972379
0.0002737452618715
0.0003936201835725
-0.0001155737846093
-0.0003694211611145
0.0001048546494931
0.0001915867378733
-0.0002476919623701
6.373640188518e-05
0.0001526493192999
-0.0001077577610754
0.0001683141073582
2.4454553076315e-05
-0.0001119057242881
-0.0001350093889435
-8.1731278215327e-05
0.0001525934371179
0.0002067299180993
-0.0002583617422365
-3.0331238455049e-05
0.0001860660416188
-8.6801223320721e-05
-0.0001769053274695
2.5010514631495e-05
0.0003110480088242
0.0002630466175428
-0.0001712231555155
-0.0003251765548493
-7.5409881191507e-05
-6.1301143289228e-05
6.0098587131115e-05
0.0001973032601244
0.0002164925418845
0.0001079178699249
-0.0002339873374075
-0.0003540875469678
-5.8597596011082e-06
0.0001188381056588
0.0001112001642115
9.7462045896331e-06
1.7254463669528e-05
0.0001289928024566
4.8851294272102e-05
-0.0001577284159248
-0.0001778003858069
0.000201498925554
6.3425282836492e-05
0.0001071454828739
-0.0001322883894848
-0.0001078467016626
-4.3611914765361e-06
7.5282705639084e-05
1.5308831830434e-05
-2.0509072115135e-05
-0.0002467707596053
2.4006379788772e-05
0.0002898646120059
7.8745164929583e-05
-5.1458400921995e-05
-5.6464198240568e-05
-2.3046420455529e-06
-0.0001765071106167
5.91528982963e-05
-1.4886294406812e-05
4.6278187951896e-05
0.0001236366819745
-1.5648736027042e-05
-6.6819316591113e-05
-7.9923309468177e-05
-2.7862316532434e-05
7.189122133465e-05
-6.1124175605474e-05
5.0673905743543e-05
6.7941241285951e-05
-5.9153532605298e-05
4.8094628830681e-06
9.7261856587229e-05
-1.289289070351e-05
2.7913784057123e-05
-7.3199429328413e-05
-0.0002119238935678
8.1251091627729e-05
0.0001069062459057
-1.1248641627267e-06
2.8480391987901e-05
-3.3047842851888e-05
6.1159692619301e-07
1.5042573315958e-05
-0.0001384211746421
0.000111852342697
0.0001922626069221
2.614408208712e-05
-0.0002201611795252
-0.0001811420499277
-1.2705025243413e-06
0.0001198476429988
9.8793428968375e-05
4.8254242401615e-05
-6.3126380495801e-07
