0.0
0.0
0.0
3.7793536002367e-46
1.9846921581378e-35
2.3727923176433e-29
-4.6741244264425e-25
1.9070605668663e-22
-5.2399202883393e-20
1.2106814219975e-16
1.5607423735187e-15
-4.645747302341099e-12
-3.9560820269744005e-10
-1.0099606937986e-08
-1.0191610599498e-07
-4.4097176484239e-07
-8.3201110391516e-07
-1.1731355223082e-06
-1.7496052725169e-06
-2.5697089137017e-06
-3.7706845564356e-06
-5.8386219261466e-06
-8.971404857045e-06
-1.4044947951546e-05
-2.2481324157617e-05
-3.0082262973208e-05
-2.2299927557831e-05
-1.0691601593932e-05
-6.606618882635e-06
2.4367841920638e-07
1.9483993128889e-06
-7.4163929749969e-06
1.9420921624583e-05
0.0002641926152145
0.0009129836884719
0.0016870037284748
0.0017409227820502
0.0010835778088095
0.0011979423690635
-0.0053615406297442
0.029658685937691
0.18843112803985
0.40217550108367
0.58311067451716
0.72170404657077
0.83922657871235
0.94624859373023
1.0471233945487
1.1426198284235
1.232095374656
1.3188730204348
1.4033000158737
1.48566543795
1.5657354007149
1.6425468650575
1.7174952665925
1.7892240132146
1.857988242114
1.9241190294045
1.9891607384853
2.0526866940369
2.1148986291629
2.1769821465303
2.2386519386494
2.2997756028305
2.3603525273872
2.4217335698787
2.4819082963717
2.5414977525401
2.6025991979824
2.6626194366324
2.7213699071897
2.7813379769738
2.8423279232816
2.904626745461
2.966838625245
3.0278568128839
3.0877649741331
3.1465371987792
3.2044371660159
3.2613993678391
3.3178486782251
3.3743536129708
3.4304899302698
3.4866586004908
3.5418918589073
3.5965995793345
3.6507941461814
3.7039183532465
3.7567723823828
3.8103119495361
3.8630750126977
3.9154593294883
3.9677730626434
4.0198247046111
4.0715431317779
4.1226618969465
4.1736073469422
4.2248903869641
4.2755229880205
4.3250170449713
4.3719027473193
4.414957550479
4.4545875470483
4.4918873116906
4.5281184748731
4.5631139471088
4.5975130699581
4.6318607866338
4.6659692207868
4.7001681359508
4.7338139908849
4.7665872729672
4.7991493070045
4.83191416671
4.8646607953695
4.8971184985408
4.9297174581269
4.9620868547422
4.994287134195
5.0265360892351
5.0584767067625
5.0897793543824
5.1213548717658
5.1537095359451
5.1861175385654
5.2179940340011
5.2497505183223
5.281687481426
5.3138101199136
5.3460120985382
5.378187003059
5.4107937348907
5.4442044798215
5.4778272044347
5.5113606084832
5.5450639772389
5.5792262508564
5.6147244063705
5.6533377045216
5.6954237179099
5.7385898819238
5.7779803200797
5.8106674520358
5.8386093783891
5.8645086710184
5.8890762431838
5.9133996204403
5.9381727268319
5.9625640399194
5.9863475154787
6.0101700391986
6.0337235044889
6.056738888041
6.0793842119411
6.1021552223599
6.1251972381718
6.1480890354547
6.1706051884178
6.1925563000869
6.2142347990025
6.2358433546916
6.2575991076688
6.2794410831495
6.3015491014467
6.3236219131776
6.3454392209052
6.367219264037
6.3886150748355
6.4092841518359
6.4300690253024
6.4514228960676
6.472903020583
6.4940271807284
6.5145763859011
6.5345951958742
6.5543794113769
6.5746108931176
6.5957193663678
6.6167758568129
6.6367742955617
6.6557754198251
6.673681925511
6.6888683889449
6.6999960361899
6.7089043827185
6.7180530162345
6.7269849531535
6.7342871784221
6.7394286499296
6.7432873559211
6.747336319901
6.7513785551985
6.7540820434062
6.7559685847426
6.7592145505917
6.7641894357837
6.7693530640217
6.7738789027502
6.7780902766861
6.7829738909047
6.7891599887099
6.7964689689663
6.8043936822116
6.8123247938747
6.8198222065764
6.8268505131834
6.833807657799
6.8408974694139
6.8480555135913
6.8554529858029
6.8634945194866
6.8724756688531
6.8824319953273
6.8932358874595
6.9042923698517
6.9146767065417
6.923629537929
6.9307317310429
6.9359777682284
6.941423796027
6.9506323279618
6.9658754640819
6.9849383079635
7.002573571432
7.0154987625724
7.0247475469418
7.031321422655
7.0347261435535
7.0359580835715
7.0370201373242
7.0392298945679
7.0426421332125
7.0455808785079
7.0467861299338
7.0468833421459
7.0466724859535
7.046406457024
7.0466492800465
7.0482724669566
