-120.0
-120.0
-120.0
-120.0
-120.0
-120.0
-120.0
-120.0
-120.0
-120.0
-120.0
-120.0
-120.0
-120.0
-120.0
-120.0
-120.0
-120.0
-120.0
-120.0
-120.0
-120.0
-120.0
-120.0
-120.0
-120.0
-120.0
-120.0
-120.0
-120.0
-119.99999999981
-119.9999999933
-119.99999983826
-119.99999736228
-119.99997122685
-119.99979243104
-119.99901937977
-119.99695590865
-119.99348624926
-119.98894561288
-119.98214253761
-119.97122725648
-119.95462638452
-119.92826358346
-119.88597811297
-119.81627417943
-119.70645388405
-119.57189751954
-119.46950428158
-119.41823222691
-119.36228533473
-119.30152987944
-119.26033309361
-119.22144733916
-119.18552289043
-119.15480260641
-119.11603961821
-119.05108826734
-118.97337244961
-118.90939529465
-118.8473007204
-118.77235720276
-118.71245830172
-118.66008274214
-118.60770647568
-118.55591546004
-118.5364797296
-118.52753321713
-118.54832760086
-118.6064070352
-118.75636957846
-119.01967289923
-119.53471658553
-120.32077778352
-121.35643697593
-122.46080429879
-123.38913664544
-124.02927267748
-124.38817394739
-124.62508529636
-124.63900512291
-124.39062978313
-123.81946089827
-122.96371444294
-122.00483165433
-121.00004808041
-120.17309736328
-119.22253148239
-118.68643323134
-117.82652551372
-116.62549562123
-115.80220312053
-115.5849855986
-115.68090398057
-115.43944378033
-115.50972911762
-115.37364969504
-115.6289972049
-115.48459999693
-115.69509801839
-115.97463429115
-116.0773419929
-116.29390550999
-116.40767872337
-116.54150062672
-116.87313569036
-117.10704863297
-117.26334826718
-117.47488790005
-117.7104076063
-117.8943783484
-118.15736245065
-118.27992518935
-118.5260602314
-118.66908815625
-118.83695002299
-119.08673102592
-119.23567642872
-119.36895470683
-119.57861166158
-119.75904970063
-119.91502681138
-120.11404148719
-120.36885005867
-120.66026137963
-120.90891273844
-121.07426123045
-121.13961045269
-121.24372626232
-121.40402943595
-121.47261172076
-121.60381857066
-121.69859109333
-121.78443878662
-121.8265184368
-121.84501430304
-121.87540754057
-121.99051464445
-122.03461481187
-122.09878951594
-122.17938247792
-122.26380716384
-122.30543543023
-122.37284917357
-122.45336628309
-122.51416504636
-122.53190901689
-122.57443018496
-122.66877179741
-122.70872395805
-122.75889304183
-122.82271995118
-122.90505271588
-122.96037176089
-123.00909665747
-123.03511487336
-123.04858293656
-123.08019168666
-123.12293347837
-123.17920961656
-123.23119824861
-123.22867287258
-122.99802231847
-122.40085126622
-121.92286922256
-121.83757628083
-121.78795319591
-121.74419220097
-121.68587774897
-121.63962306465
-121.57225324241
-121.51566552577
-121.36756110679
-121.21395661777
-121.16091421039
-121.15910743561
-121.08986933811
-121.01681323662
-120.89440120163
-120.74206383212
-120.50229572082
-120.27701731059
-120.02430365176
-119.66237116853
-119.58511070752
-119.68258236828
-119.70886655856
-119.71508935525
-119.68852051241
-119.61124328965
-119.59571328378
-119.60880808618
-119.5849017201
-119.50907585243
-119.570729798
-119.74427171284
-119.85117024971
-119.97638063158
-119.99471896022
-119.91739444513
-119.91293305943
-119.9061729967
-119.94439482455
-119.98786421356
-119.95811232411
-119.9117083309
-119.9553890427
-120.01649660613
-120.08538046063
-120.22039446542
-120.29911641243
-120.36131978809
-120.36625804336
-120.39985096766
-120.50996677581
-120.48453257282
-120.44967030911
-120.4817537075
-120.44354039523
-120.49096329785
-120.60023890117
-120.64949402457
-120.63092510624
-120.57344222614
-120.56402020614
-120.63812131546
-120.64670133556
-120.60052668086
-120.59094003677
-120.64916457685
-120.71239885737
-120.66922914562
-120.63268412526
-120.64722057526
-120.59732242564
-120.65391905576
-120.79767599983
-120.79194280613
-120.73648309532
-120.79572531936
