70.0
70.0
70.0
70.0
70.0
70.0
70.0
70.0
70.0
70.0
70.0
70.0
70.0
70.0
70.0
70.0
70.0
70.0
70.0
70.0
70.0
70.0
70.0
70.0
70.0
70.0
70.0
70.0
70.0
70.000000000002
70.000000000089
70.00000000315
70.000000075775
70.000001235689
70.000013586574
70.000100115416
70.000493105954
70.001641539053
70.003874284678
70.007251652809
70.01240151702
70.02061667936
70.033378180915
70.053441300671
70.085386168199
70.137187469886
70.219567373842
70.332965716837
70.454027858715
70.562387493123
70.674117017857
70.797732297686
70.921666598385
71.049737503497
71.185044843515
71.326005865159
71.476628166416
71.649985310214
71.846693346715
72.057250706303
72.284037598571
72.533422419578
72.799625042942
73.082406313815
73.388067808724
73.715905377436
74.059800662646
74.418586594498
74.791142857934
75.153369065243
75.462720971965
75.626538946859
75.499980867751
74.957733862587
74.019219840697
72.936270756607
72.025186512111
71.44400893473
71.075862325437
70.80154523062
70.582893568517
70.609461336685
70.960206015763
71.401330181805
71.485374338566
70.901128293072
70.388318319932
70.162660561956
69.518098276273
79.698376091414
74.412580195903
64.709222512562
60.682117439267
60.7324745898
60.605707984674
60.642607786749
60.571166089898
60.705223532571
60.629414998386
60.739926459654
60.886683002852
60.940604546274
61.054300392744
61.114031329768
61.184287829029
61.358396237438
61.48120053231
61.563257840269
61.674316147525
61.797963993308
61.894548632908
62.032615286589
62.096960724408
62.226181621485
62.30127128203
62.389398762072
62.520533788607
62.59873012508
62.668701221083
62.778771122329
62.873501092833
62.955389075975
63.059871780776
63.193646280802
63.346637224304
63.477179187681
63.563987145984
63.598295487662
63.65295628772
63.737115453873
63.773121153398
63.842004749596
63.891760323999
63.936830362974
63.95892217932
63.968632509094
63.984588958797
64.045020188334
64.068172776234
64.101864495871
64.144175800906
64.184107130621
64.21035360087
64.245745816126
64.28186910147
64.31993664934
64.329252233867
64.351575847106
64.401105193639
64.422080077974
64.448418846963
64.481927974371
64.488053384682
64.527324847014
64.579775745173
64.587710332776
64.464741096951
64.600875825641
64.639540076146
64.593833946556
64.605055858573
64.571042761688
64.383705817098
64.260446914767
64.009506341845
63.964727547437
63.938675427853
63.915700905511
63.885085818208
63.860802108944
63.825432952265
63.795724401027
63.717969581064
63.637327224332
63.609479960452
63.608531403695
63.57218140251
63.533826949226
63.469560630854
63.389583511863
63.26370525343
63.14543408806
63.012759417175
62.822744863477
62.78218312145
62.833355743349
62.847154943243
62.850421911504
62.836473269016
62.795902727066
62.787749473986
62.794624245243
62.782073403051
62.742264822528
62.774633143948
62.846806131555
62.921864381099
62.987599831578
62.997227454116
62.956632083692
62.954289856199
62.950740823267
62.970807282891
62.993628712121
62.978008970158
62.953646873725
62.976579247418
63.007600678082
62.976312243507
62.954894156106
62.900251861928
62.94533845078
62.882926730236
62.750732094131
62.724070190584
62.781755219747
62.790640980332
62.757003752704
62.723146647738
62.65860017017
62.626496005014
62.608077689812
62.658253689406
62.688146417362
62.607760314896
62.569319922954
62.633200778025
62.693238271343
62.635238453337
62.594089388269
62.712710980954
62.764305440711
62.611010161171
62.499039670574
62.552485002148
62.605007882518
62.555908967647
62.536797863828
62.644462474011
62.694941869177
