0.0
0.0
0.0
0.0
0.0
0.0
0.0
0.0
0.0
0.0
0.0
-2.4903152047836e-232
-9.4631681681558e-218
-1.4141815517972002e-206
-4.0167832268e-197
-8.2047848990359e-189
-2.3620057013734002e-181
-1.4097722084731e-174
-2.1099062101088003e-168
-6.2975828235007e-163
2.5324280123963e-157
1.3363328946661e-151
2.0241660240786e-146
1.4122635837319e-141
5.2580291400033e-137
1.1365961048058e-132
1.5146618620253e-128
1.3042779115537e-124
7.5440194897195e-121
3.0288809039465998e-117
8.683259510188e-114
1.821480064312e-110
2.8554360057080004e-107
3.405931644068e-104
3.137421685494e-101
2.2577728561559998e-98
1.2787594868506e-95
5.7099668362301e-93
1.9934489786223e-90
5.2754521546228e-88
9.524762119636e-86
5.837090907535499e-84
-3.3375682977951997e-81
-1.6233181996476e-78
-4.5238770795052e-76
-9.5534017121882e-74
-1.6527178910914999e-71
-2.427783964379e-69
-3.0925072462189e-67
-3.4642781709186e-65
-3.4477341301417e-63
-3.0718291134872e-61
-2.4646591998218e-59
-1.7889852124180998e-57
-1.1790461793771001e-55
-7.0765356588117e-54
-3.8776260324899995e-52
-1.9441130890391e-50
-8.936266991515399e-49
-3.7729766992590003e-47
-1.4658368045696e-45
-5.249500321405799e-44
-1.7358866590833e-42
-5.3090999084339e-41
-1.5042713397423e-39
-3.9548443578033e-38
-9.6627735359844e-37
-2.1972943706187e-35
-4.6569180185224e-34
-9.2107402922066e-33
-1.7020426036207999e-31
-2.9412268405599e-30
-4.7561144978678997e-29
-7.1992185051941e-28
-1.0200582510781e-26
-1.3524975323603e-25
-1.6772059227265003e-24
-1.943943105631e-23
-2.1043300257253e-22
-2.1259972511467e-21
-2.0033467200801e-20
-1.7605354305365998e-19
-1.4462094635658e-18
-1.1248863169874e-17
-4.2859022733489e-17
1.480629978208e-16
8.0005666977198e-17
7.693806058265e-16
3.0291628590157e-15
1.262384268986e-14
4.6823342173863e-14
1.5720534365755e-13
4.7111646701004e-13
1.2353133925846999e-12
2.7218807325985996e-12
4.458354701443199e-12
2.2349570392675e-12
-2.0929251375627e-11
-1.1739150528577002e-10
-4.2084090761084006e-10
-1.2129930794704e-09
-2.9552123614291e-09
-6.1298347953947e-09
-1.0710683410252e-08
-1.5444630740238e-08
-1.8018571407421e-08
-1.7590001595794e-08
-1.8730201903824e-08
-3.0550817963016e-08
-5.471646247459e-08
-7.1808938427399e-08
-5.4839837978062e-08
-1.7287997877875e-08
-3.1769109700786e-08
-1.4318911768633e-07
-2.5566183579364e-07
-2.1389727315204e-07
-6.8736943469993e-08
-1.0272305667755e-07
-4.1110745519629e-07
-6.6126146810834e-07
-5.99860566124e-07
-5.5317696907517e-07
-8.9816267574358e-07
-1.2910450391049e-06
-1.107232523289e-06
-4.1456586401603e-07
1.6449510954752e-07
2.63071981213e-07
-4.8893846436859e-08
-4.3204933328905e-07
-3.6709578814242e-07
3.4436164128571e-07
1.0164409702806e-06
5.2899715094479e-07
-1.1447390306507e-06
-1.9826748957896e-06
-9.2291863040827e-08
2.6065533911823e-06
2.1700274459302e-06
-8.4116200463336e-07
-1.8469344442718e-06
-2.6475706557672e-07
7.565410103938e-08
-8.8863501279679e-07
3.4176798197061e-07
2.3136823470993e-06
5.7440423389954e-07
-2.6191461013902e-06
-2.0432872074871e-06
2.5801271813508e-07
3.8734610241509e-07
6.6882519245137e-07
2.0616206852786e-06
5.6781905288794e-07
-2.9064276568791e-06
-2.9146148272652e-06
2.5763451927396e-07
2.1498577640333e-06
1.4637888234859e-06
-5.113124174061e-07
-1.8880747187922e-06
-7.5272848232277e-07
1.5264334907172e-06
8.7661141123796e-07
-2.6013797782554e-06
-2.9807649071234e-06
2.5199550224286e-06
6.2098604758365e-06
1.9127498251947e-06
-1.2262775572758e-06
1.6925025103642e-06
-1.478383448994e-06
-9.1554411996153e-06
-6.3424339724616e-06
9.4649689197368e-07
2.8765796411534e-06
6.4919027931154e-06
1.0099208602732e-05
3.6323782315328e-06
-4.2811678202526e-06
2.1639140479479e-07
5.4334832078062e-06
-7.6135023840962e-07
-7.4989258580516e-06
-1.6921577250528e-05
-1.5613578696616e-05
2.7644944933236e-05
4.7600363484168e-05
-9.0754335935195e-06
-2.7642857802768e-05
3.4727308373395e-05
4.0918449639715e-05
-1.0058635080412e-05
2.1103778080622e-05
7.5800418875005e-05
4.0352980645864e-05
3.8321628159643e-05
9.2887969005417e-05
4.4328021941986e-05
-1.8120359124296e-05
8.5816935779803e-06
4.3705799201987e-06
-2.135783834234e-05
-2.5678684223429e-05
-3.838226660946e-05
3.4522326997077e-06
3.3256527220971e-05
-9.7566239753988e-06
2.5194080721658e-05
4.5046819929784e-05
-4.7307591510837e-05
-1.4140542325958e-05
3.4716037822236e-05
-8.1050725486698e-05
-6.4973572899696e-05
5.7568147066034e-05
3.1017478102635e-05
-1.5053710133994e-05
6.6502707846139e-05
0.000195754584701
0.0001280168601923
0.0001128623045881
0.0002558101962535
8.6511782709797e-05
0.0007023350897139
0.0018936384574952
-0.0006161868530418
-0.0031444592324736
0.0010695543996242
0.0029770872837842
-0.015012184180296
0.012455511708898
-0.0058624846789979
-0.0001475814125129
0.00104826190368
0.0069467329298689
-0.0081908369176098
0.0064197075602124
-0.003126456743141
0.0016464002777106
-0.0007433254864075
-0.0013671927840075
0.0040540417611368
-0.0050714414419506
0.0029522583846031
0.000202626774115
7.214168147307e-05
-0.0025278716420551
0.0021695239310837
0.0001893574588685
-0.0001963883283551
-0.0009207640135233
0.0001546861804424
0.0016312751359937
-0.0017328424215979
0.0004712837083698
-0.0002397477742999
0.0011644381745057
-0.0007165163199207
-0.00103491190524
0.0010116490793965
0.0008269729495857
-0.0009966191529819
-0.0004133081287438
0.0007524677585912
-0.0003956241749314
0.0006615509468677
-0.000980633964831
0.0004042861948327
0.0009538851956314
-0.0011769362694647
0.0003259542441735
-0.0002430900509331
0.0009828016521495
-0.0012317561198572
0.000390366958225
0.0005571359269485
-0.0003219757474859
-0.0006613770887398
0.0012494774089156
-0.0009260770934105
-0.000445867093779
0.002154057697723
-0.0020176671987393
-0.0002318315561744
0.0014864211635768
-0.00018320458115
-0.0012097631598706
0.0008683180055868
8.8046744295411e-05
-0.0005227964936072
0.0001523098160927
0.0002498051283161
-9.6714103214879e-05
-0.0003490044804266
0.0006512951726378
-0.0001801999318651
-0.000133442850414
-0.0001270363613858
0.0002271404313969
0.0001413495117841
-0.000479790334662
0.0003036778806198
0.000165872520208
-5.5306562929403e-05
-0.0002199093594335
0.0008812324374662
-0.0001930098235902
-0.0003747266684506
-8.6685230771266e-05
-0.0001268215134686
-0.0004782306213257
0.0002357919711037
0.0002927702542621
-0.0007509790280746
0.0005833321536474
0.0003980899170752
-0.0001779847369487
-0.0007755170620793
0.0008679833926272
-0.0002085214264369
-0.0002826766323238
0.0005849517905165
-0.0006066453401842
0.0001170144035445
0.0004033741113129
-0.0002986061398146
-5.5450463776196e-06
4.0217293051368e-06
-0.0001033350792489
0.0003717584541096
-0.0001570799004646
-0.0003525106174073
0.0003948946922793
2.4899909645271e-05
-0.0003504710615054
0.0001564127680264
6.8369810790614e-05
0.0002103472204861
-0.0002482521630486
-0.0002629949499066
0.0003261237766061
7.461751687643e-05
0.0001123379400169
-0.0002132692485723
-0.0004065522656748
0.0003294866258496
0.0003822421435817
-0.0003502430769852
-0.000287868831883
0.0003503451192266
0.0004016353422731
-0.0001644201255146
-0.0004826167028682
8.0265150570469e-05
0.0003967844941499
-9.7403911114569e-05
-0.000125318045363
-5.5843854740445e-05
-0.0002282456879498
0.0004090719699423
0.000355546791031
-0.0006109911528273
-0.0001720534984261
0.0002778984113494
0.0002204943882144
5.7046555612672e-05
-0.0003288784227617
-8.3106064652227e-05
0.0001233076479145
-1.2586223840927e-05
0.0001700950505334
0.0001289981586438
-0.0002665777841137
-0.0002160095604164
0.0002109028733432
0.0001218327398522
-0.0001034231040808
-7.5551946565611e-05
0.0002230600378183
-1.6102143485242e-05
-0.0003697582481088
5.7071943926346e-05
0.0002940202862067
5.5228907402949e-05
-0.0001293575711436
3.9664899809111e-06
0.0001126665320594
-0.000244860101306
-0.0001828341948062
0.0001456461593996
0.0001442015566954
0.0001278659922832
2.7324208939916e-05
-0.0001752157054557
-8.2804939660619e-05
7.7001238452112e-05
2.4687343769259e-05
-3.9241548099866e-05
-6.4299456381534e-05
7.6250956482227e-05
0.0001832400104984
1.5787622364982e-05
-0.0001400927588157
-0.0001797054097085
-0.0001014284050082
0.0002540580373189
0.0003168303076339
-6.5182587594137e-05
-0.000214825845024
-0.0002739663057749
0.0001922381549501
6.6598461989642e-05
-3.5887390437139e-05
7.321713741959e-05
-0.000177328734896
-0.0003282010692995
5.2166454000968e-05
-2.0065316830298e-05
0.0003431743267334
4.6640159290235e-06
-9.2717557809152e-05
-0.0001066749856004
0.0001655922687415
0.0001577702760435
-0.0001360770809366
-0.0001477934679083
6.2764769026558e-05
0.0002133421438621
-0.0001038476025172
9.3477668450248e-05
-1.10729586833e-05
-0.0001525965116933
-4.5494467748597e-05
0.000166757500386
0.0001366408293623
-0.0002846013858359
-3.9828411280141e-05
8.8198241998683e-05
-3.2148899231643e-05
5.0350086855389e-05
5.32107186757e-05
-0.0001559058322442
-4.095354650957e-05
0.000128844709657
0.0001414078419692
-0.0001223094566515
-8.5718846465355e-05
0.0002033436103499
0.0001154878402687
-0.0001106375030701
-0.0001520257327136
-6.90493415334e-05
-1.4971439199485e-06
2.5679679538371e-05
4.8568884203348e-05
7.3140473588751e-05
2.1705971775532e-05
-8.5430168272893e-05
-5.7155000421361e-05
3.1724386095888e-05
3.2639784430799e-05
1.6400900193503e-06
8.103714752572e-05
7.2279755425342e-05
-0.0001136272413937
-0.0001075719613385
-3.8462857920862e-05
9.9823719068581e-05
5.2985912724068e-05
4.0829294567502e-05
9.1761206100216e-05
-6.7876476306239e-05
-0.0001741384808795
-5.4346784494896e-05
-1.9299013498397e-06
-1.5066514569284e-05
0.0001119739154731
0.0001284317417304
