70.0
70.0
70.0
70.0
70.0
70.0
70.0
70.0
70.0
70.0
70.0
70.0
70.0
70.0
70.0
70.0
70.0
70.0
70.0
70.0
70.0
70.000000000009
70.000000000216
70.000000003403
70.000000039394
70.000000349581
70.00000244068
70.000013618283
70.000061228637
70.000222622645
70.000656180238
70.001577468755
70.003144828336
70.005381646614
70.008318810951
70.01215739739
70.017104162479
70.023304998882
70.031227556791
70.041502463809
70.05434182477
70.07016476814
70.090168980067
70.115465075118
70.147105685501
70.186814901374
70.236928720002
70.301233296047
70.385410980373
70.495911448699
70.638849631827
70.816944812525
71.026167041263
71.25733732695
71.503229721738
71.767581212097
72.061522771478
72.386898820655
72.738076154176
73.117932983884
73.531247628178
73.976421022689
74.455774165693
74.973838920524
75.529244629438
76.11212716073
76.695702538314
77.226171395296
77.607908887073
77.717668658799
77.464846045262
76.848091259248
75.994468488921
75.112692041481
74.381896515196
73.938223018174
73.76067378644
73.449442975413
72.805043914878
74.524303794063
82.065117353653
80.271280364279
76.784305573329
73.19760190669
67.609156587566
62.847822056314
62.59237234413
62.512665874686
62.77419120696
62.79341534131
62.719055894452
63.143188928317
62.893247454153
62.921307022071
62.910492393185
63.177522184952
62.695179135035
63.109940664688
62.843303534815
63.092697173314
62.874054274046
63.161374087126
62.915323725737
63.039184315539
62.856680960509
63.050862313705
62.936359985754
62.903365760658
62.993878734648
63.076831446979
62.888136118448
62.986879868155
63.027368044544
62.985737575407
62.974977250164
63.010448357468
62.986287562061
63.012222768391
62.95219712738
63.014108941248
63.026132198882
62.934000686101
63.038832385409
63.005895745571
62.992246232631
62.994462785336
63.00920951455
62.996868281365
63.055210150322
62.949146659614
63.051769536184
63.043143280791
62.984948398636
62.963076453412
63.077276406105
62.932852160495
62.925170995821
63.004294649018
62.900955280929
62.906790143949
63.011348053556
62.939570760376
62.943798992368
63.005772637807
62.943424056595
62.983962163404
63.013349016371
62.962926535934
63.0313831793
62.971339231136
62.955857390671
62.995679123717
62.926221005183
62.970557085274
62.993545580888
62.957245902356
62.895601720365
62.939979851111
62.953243533511
62.979186004309
62.893820508572
63.009378356675
63.045050938958
62.986739129491
62.989592801239
63.102109204723
63.075818778341
63.070276879287
63.091042174296
63.103938317448
63.113407870093
63.122581310708
63.148898364462
63.197310045649
63.136256569915
63.159085931356
63.204844650202
63.192682245555
63.173151020274
63.229058011598
63.25862863179
63.266543217618
63.280886024839
63.287340663181
63.270631961234
63.281775058839
63.33645321931
63.325607468253
63.31080687393
63.326208557176
63.343215279522
63.348654980996
63.360105633733
63.367610560862
63.380024690055
63.361614646464
63.379494577942
63.420297579198
63.418398079731
63.410252616102
63.432050941629
63.444236462609
63.452225560478
63.442968826549
63.456200490272
63.465165845044
63.484645153592
63.499399489341
63.506149126716
63.479426098168
63.499826832721
63.534011202497
63.527401446789
63.538682013861
63.557744876034
63.538172710234
63.533593508489
63.573426662086
63.593668337089
63.591397247513
63.574959148062
63.569420806739
63.600054180984
63.607664628442
63.608709193508
63.645444842859
63.644834336956
63.633254496128
63.66830459815
63.654506684271
63.634358519363
63.698249164797
63.714592604015
63.70246617062
63.714540067594
63.701127679901
63.698546008155
63.71168924763
63.692429805346
63.716339050624
63.742855296553
63.750210180242
63.761969227866
63.756455585862
63.751732332001
63.773769523526
63.793131798592
63.804503696911
63.813278371903
63.800261646257
63.802059394305
63.82676506768
63.830984888993
63.824650766599
63.834454907622
63.832012183134
63.835618552175
63.863537783269
63.877010831474
63.872175353641
63.88049694178
63.898848771906
63.892715303564
63.890089270502
63.91103433078
63.910124651229
63.896333233235
63.905886411879
63.911548053539
63.895318215327
63.896694851247
63.930182492139
63.96136008905
63.963348982894
63.966473694875
63.98031260951
63.973119603788
63.94901933201
63.940800289439
63.944586621489
63.938272816993
63.924846099026
63.931755538949
63.966910584339
63.982644218945
63.970338666345
63.9770585979
63.99646537928
64.004679596969
64.01848887542
64.034568740348
64.047249584026
64.06956287479
64.089745442408
64.084129810749
64.052451822891
64.019106470607
64.007210525739
64.024116737455
64.057194008927
64.087844464706
64.093906354827
64.08091681975
64.085424057725
64.095228923269
64.08659393789
64.086993167443
64.085398166268
64.071129455902
64.077444516697
64.092912070709
64.098002632414
64.103077447988
64.118369603275
64.132975060868
64.124980530268
64.117235387312
64.131738642838
64.138112297512
64.128564053487
64.128157428601
64.131108605681
64.129801087038
64.144480900713
64.170662356487
64.190502245599
64.197734648939
64.189864156463
64.171903406827
64.152589486807
64.144124318135
64.156918666556
64.169078765961
64.163375137768
64.160710092563
64.169555911022
64.179096192898
64.191611851584
64.199989685079
64.203180381029
64.218058636109
64.226867183333
64.216230234598
64.211436523723
64.216948727487
64.21552060116
64.207837912638
64.206646467051
64.211984325251
64.213010453546
64.215215660195
64.232292156018
64.255977705219
64.273912237168
64.29419889691
64.310669169438
64.299216185596
64.271296183442
64.25768828168
64.258408413447
64.258330854181
64.255920347818
64.258689658611
64.261279251451
64.252191176802
64.240383509684
64.24134471066
64.251923005932
64.266750459122
64.283859767969
64.292969615232
64.285404030052
64.262158500246
64.23148097758
64.198672737339
64.166101209301
64.143270379614
64.137673706595
64.144256477598
64.162374015498
64.193060650319
64.211065362316
64.198863641374
64.178017269135
64.156827132346
64.130781713832
64.123721819567
64.143391452992
64.161716104899
64.171636852668
64.182552286643
64.187107801489
64.182506897627
64.180590279743
64.187974937818
64.195369274653
64.202698286997
64.218699769586
64.231067642346
64.231108342661
64.230781673836
64.23311531103
64.238199023962
64.240547561347
64.232879392184
64.223837544806
64.218360707604
64.217211510818
64.221283941833
64.22988233822
64.242178673903
64.254846555763
64.261086827164
64.264036075636
64.269101159684
64.271998457133
64.274140268653
64.282612011284
64.287280869161
64.282106784128
64.28333523795
64.295143922187
64.301163049927
64.294841700868
64.279441453804
64.257768619182
64.234268668658
64.216273425685
64.208752604424
64.216434812137
64.24290513911
64.274073154068
64.291929756876
64.295908909381
64.293832652528
64.291208121079
64.288484895729
64.285502884417
64.288259872341
64.302379419955
64.329407426483
64.365503978791
64.412359121789
64.478258494516
64.561899341827
64.656024559901
64.749579577267
64.830712536951
64.882146744864
64.885695772615
64.852767173018
64.807887830666
64.76967512204
64.755736099826
64.758308182166
64.754695335726
64.735655929665
64.710984821844
64.68305552522
64.669632071484
64.704742209013
64.700746585671
64.684385455524
64.674928564354
64.652632567967
64.635680410223
64.628227906098
64.607490823464
64.596772969856
64.591725357363
64.482650871248
64.354248537839
64.244102325278
64.197075383643
64.211648748572
64.250074888146
64.365416218062
64.605656249962
64.560951573684
64.559178174381
