0.0
0.0
0.0
-9.860583249901499e-73
-3.2166538631596004e-59
-3.7367802036107e-51
-3.5704874057591e-45
-5.9107013624411e-40
-5.0893812841038e-36
-8.4281492376514e-33
-7.9563605426589e-30
-2.5573107304794e-27
-2.8347071072057e-25
-1.3804934161486e-23
-3.6364195015260002e-22
-6.7022979851980005e-21
-1.6198255702306e-19
-7.444130701970101e-18
7.6276084375961e-17
9.789774567261101e-16
9.6955699510817e-15
1.6649942670542e-14
-1.1688152971856999e-12
-1.9946600976052e-11
-1.7723867133788e-10
-9.918083158097e-10
-3.6008723588116e-09
-8.4683180757736e-09
-1.4960582140682e-08
-3.8196086864396e-08
-1.2901726709947e-07
-2.6673543520887e-07
-1.9366684818334e-07
1.1154825882702e-07
-2.4011367123658e-07
-1.3131567562957e-06
-7.808383364102e-07
9.7012643998813e-07
-5.2888864936901e-07
-3.0754605530878e-06
-1.3152492326371e-06
-2.8645487965169e-07
-2.1771032142001e-06
-2.2056117923372e-06
-4.0909454234773e-06
-5.633217339384e-06
-2.7485217489985e-06
-6.2061268915614e-06
-1.1838216680202e-05
-1.1249485938787e-05
-1.5283918928036e-05
-1.9705665773098e-05
-1.7988065603713e-05
-1.5773740996011e-05
-1.2677374083142e-05
-2.6520083516723e-05
-4.5069374485229e-05
-2.1808589364958e-05
-1.164308428836e-05
-5.2397379374236e-05
-5.1032951203789e-05
-3.3219073405921e-05
-6.0418005576324e-05
-7.2677561160916e-05
-7.6351940564434e-05
-6.2624181923487e-05
-7.6877667354314e-05
-0.0001187155613147
-5.0483599856044e-05
-7.9414868764394e-05
-0.0001892237093514
-0.0001875706087894
-0.0003089152993185
-0.000197965196369
-4.0378388127538e-05
-0.0005878676894555
-0.0003444507614136
0.0013200267096558
8.4333259464666e-05
-0.0075144478407424
-0.0042011841861395
0.017351540240518
0.0020320186965628
0.0026779096621743
0.0085237650547465
-0.0093397817086394
-0.0029291315820412
-3.4235797474749e-05
-0.0074485298284577
0.0092388609202354
-0.0077474907787645
0.0008128455184719
0.0008238908443258
0.0030398283698441
-0.0069631620136734
0.0040242383255729
0.0014779344734261
-0.003082017106637
0.0013452344757914
-0.0011482801127505
0.003776490773566
-0.0070167448867231
0.0071088710200895
-0.0051930718290905
0.0055250186644429
-0.0082856994171321
0.0091097577760602
-0.0058563768329467
0.0028671502270594
-0.0036922947548978
0.0060200369012886
-0.0066958391734095
0.0040702799430692
-0.0017501797434649
0.0020546686814171
-0.0035476605008578
0.003796573400594
-0.002480250262038
0.0019753680941426
-0.0032232321992787
0.0041403052345679
-0.0030585711704445
0.0008312652221897
0.0001304578256977
0.0007895750744557
-0.0022051639841925
0.002462921135038
-0.0018049358203154
0.0011152106967449
-2.2724665482698e-05
-0.0007802507045129
0.000225470750248
0.0008402154235476
-0.0012254929404376
-9.1234152188591e-05
0.002295304415556
-0.0024648928139914
0.0002916103860828
0.0014529370443217
-0.0012238857729496
-0.0005045694306593
0.0017890995036351
-0.001311666230408
0.0002581176318905
0.0004298275164682
-0.0007787826927119
0.0006298800078852
7.1189520944885e-08
-0.0010951342257925
0.0019928046316009
-0.0017692720248874
0.0006904097751059
0.0004551324265467
-0.0005016007032843
-0.0005992815819144
0.0012793341307216
-0.0004858054006851
-9.4688911178587e-05
-0.0004728343658611
0.0006145018189407
0.0006688590354464
-0.0014649380259302
0.0003319158001113
0.0007654379622801
-0.0003298828566533
-0.0008244704586379
0.0010365600682682
-9.7164670997962e-05
-0.0002723836345586
-0.0002840334579756
0.0004769063600029
0.000223082100037
-0.0007895477316832
3.8694416892859e-05
0.0009957746554212
-0.0006467193964576
-0.0002572884942653
0.0003872119211489
0.0005257778694867
-0.0010140437488149
0.0002584526647586
0.0001651048906481
0.0002023762593506
-0.0004213012124942
0.0005798991403072
-0.0006785668208664
0.0001130427208062
0.0003683872460857
-1.571248249288e-05
-0.0002746949944176
0.0002694596180186
-0.0002435477114204
0.0001737235852061
-0.0001439946514469
7.7177262647332e-05
0.0002763381632631
-0.0003252290129651
-9.0853726852913e-05
0.0003491985443471
-0.0002838553108119
-0.0001488357755041
0.0001289046762664
0.0001971379986365
1.5284752397093e-05
-0.0002228231734458
1.1894763707332e-05
1.3596216219547e-05
-0.0001217782188867
0.0001797944182646
0.0004336397676052
-0.0005865932731552
0.0001025752985217
0.0002995308331366
-7.2452548005586e-05
-0.0002584038142572
0.000213586188047
-0.0001860166279676
0.000120781024071
1.5031546163335e-05
-0.0001028351876764
0.0001512536487835
-1.390850790095e-05
-0.0002586525228442
0.0004393014755521
-5.0449415023301e-05
-0.0003019416546123
0.0002316169226412
1.268355342976e-05
-0.0003950734305036
0.0004431073509447
-0.0001544259259356
-0.0002514464661151
0.000439630490856
-0.0001544537051367
-0.0001679895730077
0.0003668544830137
-0.0002496528541229
9.0193599699973e-06
0.0002133614526611
-0.0004042118996183
9.3023551461791e-05
0.000112604752922
0.0001237096247219
0.0001356070142843
-0.0001338487743307
-0.0003051432824863
2.2290110424095e-05
2.6567730682104e-06
0.0001460322111235
0.0001977233193839
-3.8247774369893e-05
-0.000169734685862
0.0001004219896572
2.9834649417637e-06
-0.0001058606413195
0.0001011463623301
-0.0001076823997747
-0.0001922915481289
0.0001492722848661
0.0002043926786488
-0.0001055310025588
-1.9038260834492e-05
0.0002289491132012
-0.0001472508533995
-0.0001830180931028
0.0001785710374457
-3.4620745159587e-06
-0.0002494996990121
3.114776190305e-05
0.0002531128451055
2.8048438904804e-05
-0.0002061151094467
2.0675248357804e-05
0.0002082086935306
-8.2323673100682e-05
-0.0001320829067896
0.0001109799274923
0.0001638089361044
-7.7195495684634e-05
-2.9322334871296e-05
0.0002811493671872
0.0003679884091223
0.0001386770494438
-3.0256380267879e-05
3.7349867421099e-05
-0.0002673023737909
-0.0006887147930623
-0.0003548120214524
-7.9446814238438e-06
-2.7243579059366e-05
0.0002547845844747
0.0002778668864778
-0.0001267148097339
-0.0002652773258837
-5.6105699974829e-06
0.0002198842594336
0.0001986268543197
-1.7542012831218e-05
-0.0001375437426731
-9.1723369488594e-05
-8.715439786533e-05
0.0001082386089978
0.000181646959696
-0.0001255884142237
-2.7880297825966e-05
0.0001547902002019
-5.3822832213335e-05
1.751831130159e-05
4.9262278700727e-07
-0.0001114833425131
-5.3190715010309e-05
-9.6368440449801e-06
0.0001360743306366
5.4656317038937e-05
-6.4681155365065e-05
8.8474706494424e-05
-5.8496486265991e-05
-0.0001449661159891
4.6990577651229e-05
-4.3152931228363e-07
-3.2578157416197e-05
0.0001844746991275
9.0150867271266e-05
-6.3431895291899e-05
-1.827869988702e-05
-0.0001044980059816
-0.0001280576410911
4.2177012882227e-06
0.0001407215932669
0.0001739671130374
1.2310037234009e-05
-0.0001773250237979
-8.4852710768857e-05
2.2294994928007e-05
1.0982387121938e-05
5.8130897540032e-05
3.3238013075199e-05
-6.7293144728753e-05
5.790575646758e-05
5.9364392229755e-05
-0.0001127166754266
7.9652318074608e-06
5.9453019751743e-05
-0.0001045766781004
-2.0087887259157e-05
0.0001364455999963
9.6832340928943e-05
-2.3697321499538e-05
-9.0421285936504e-05
-5.7384972929064e-05
-4.1612983137096e-05
-6.8333766423123e-05
6.4212164468946e-05
0.0001372412706424
-5.8923813728295e-05
-9.1119175810173e-05
0.0001185498198608
0.0001175100696915
-1.9553588476162e-05
-4.5987194807751e-05
-2.9826462505378e-05
-4.9520008227333e-05
-7.1867043538454e-05
3.073624254557e-05
0.0001750350573259
8.3939685235901e-05
-0.0001201062226452
-0.000144252922557
-0.000111043310047
-4.0409716137169e-05
7.7007499271753e-05
0.0001385972885154
0.0001563452183994
8.0635699642451e-05
-5.8957169934981e-05
-9.7571885340764e-05
-4.0633049905314e-05
1.8614793736993e-05
4.8824057631569e-05
-9.3371451811985e-05
-0.0002722630418762
-0.0001245214979545
0.0001267007150338
0.0002229832326391
0.00032735212577
0.0002260728787102
-0.0002216575945773
-0.000420634558191
-0.0001394055015036
7.0646422971332e-05
0.0001091390716551
0.0001481691302596
8.4766342403619e-05
-0.0001121077482818
-0.0001306174942122
8.7641330953625e-05
6.9211464226448e-05
-0.000123624727405
-2.4247611651873e-05
5.5447057334401e-05
-1.136001808455e-05
1.5501123998285e-05
1.0753482909687e-05
4.0301682913135e-05
6.5907856505731e-06
-5.0535584911193e-05
-1.6236610628217e-05
9.585048460492e-06
4.2957396650944e-05
6.4768499113965e-05
-5.4653685938044e-05
-0.0001174138693771
3.0641915449436e-06
5.6171618506573e-05
4.8147258069342e-05
0.0001061369857335
2.4230967504701e-05
-0.0001265602046163
-6.8540319864141e-05
3.0534023870432e-05
1.2257213388711e-05
1.8311078237021e-05
3.0111250653997e-05
4.7214395393347e-06
1.8395100265245e-05
2.7544476988162e-05
1.7405476415711e-05
2.4749955418457e-06
-4.7396509383901e-06
-5.0296684017681e-05
-7.183402475075e-05
3.7840451327931e-06
2.478882985546e-05
-1.356242452788e-05
1.2021762796355e-05
4.8499050875339e-05
4.6823407762187e-05
2.3493364365024e-06
-2.100214016032e-05
8.3073918855094e-07
-4.8055323731422e-05
-5.9016943798618e-05
-0.0001081537769342
-0.0002504422500826
-0.0003167412519489
-0.0002221380421163
-3.4542787963332e-05
8.8435983680579e-05
0.0002522455996856
0.0003665249992845
0.0001899251586112
3.3878023997236e-05
2.9521022493206e-05
9.1268190882676e-05
0.0001588519302209
0.0001407306825962
-1.0969407271411e-05
-0.0002470702903822
-0.0002551056381583
-4.0905993603513e-05
1.3376694252276e-05
0.0002715738717573
-6.0427671089158e-06
-0.0001202344691364
0.0002470774551732
1.9478514423632e-05
0.0002065483076685
-4.3112826325631e-05
-0.0002677056709088
-0.0001086049865817
-0.0001465227811303
3.2492694623798e-05
3.3807399546504e-05
2.1567428409863e-05
-6.4080194189797e-05
-2.3164023488231e-05
7.0351091163712e-05
9.1346730402009e-06
0.0005640436964271
-0.0004068311556193
