70.0
70.0
70.0
70.0
70.0
70.0
70.0
70.0
70.0
70.0
70.0
70.0
70.0
70.0
70.0
70.0
70.0
70.0
70.0
70.0
70.0
70.0
70.000000000001
70.00000000015
70.000000009778
70.000000335047
70.000006258759
70.000065176881
70.00038770984
70.001392591763
70.003418805688
70.006787059995
70.012202197851
70.020862373206
70.034435365052
70.05575826625
70.089634489699
70.145054531605
70.2359123781
70.368339504522
70.528192116211
70.705979939694
70.90598021807
71.127321638768
71.368717922101
71.629915986253
71.912671199152
72.217542561288
72.548891825133
72.917935203538
73.331171362639
73.788468934839
74.299885728243
74.870700930859
75.493638454778
76.123663506223
76.645390657562
76.81442338252
76.37828515602
75.345946979883
74.120846804201
73.229102834849
72.850877185152
72.696050965543
72.257315302745
71.740965797223
68.936001601202
80.655183816914
77.860898759569
69.21868380295
64.407238520068
64.711604018157
64.502880045001
64.120889134829
63.914754955265
63.549302355011
63.202501844513
62.698433853494
62.459235447855
62.086786047259
61.737728577495
61.540173379937
61.236107865309
60.955656929339
60.794309180118
60.652698216118
60.467376525236
60.340458452895
60.216618292236
60.083857084851
60.019575864202
59.981732683168
59.911911205969
59.808330119746
59.764831218333
59.765342060294
59.753524077364
59.696885401833
59.615645988149
59.619176652022
59.616284802069
59.630864605081
59.578793903667
59.591904948581
59.550258168636
59.587810496506
59.577787836458
59.561545497614
59.548606096491
59.555840429463
59.60590954949
59.571358085818
59.57418319872
59.565653175559
59.573746482572
59.541389727725
59.555025639531
59.574391303047
59.618505677479
59.68639759601
59.726144484354
59.744684663684
59.781110368915
59.77950950985
59.792325573634
59.825527707441
59.843393993939
59.878346039393
59.893709574379
59.889102888713
59.917521375371
59.964946030878
59.956160490468
59.96829638982
59.997002606442
60.020811271309
60.036955600428
60.055993285023
60.064811834794
60.064586122118
60.089782193809
60.112557791614
60.137390112443
60.172625211821
60.157176069147
60.157689222116
60.199544779656
60.218612817613
60.227405484275
60.244634360421
60.267220064567
60.269116182479
60.282942611715
60.307647045803
60.329036731577
60.322555578968
60.336168073761
60.34905946496
60.356717696797
60.356107122433
60.377495646808
60.401387972507
60.445424584902
60.486627397949
60.499032216275
60.497390852706
60.518570450277
60.513071828819
60.480167049693
60.431059711581
60.395263750101
60.400725801432
60.390150549004
60.209593026546
59.92906960022
59.830876235695
59.808345818096
59.786576039275
59.760938879827
59.715159094529
59.645396117267
59.523996516602
59.393092772436
59.303351037136
59.262254515954
59.258712550926
59.292306626648
59.310495784808
59.267511798113
59.282633948104
59.303716818831
59.291170718824
59.289909051682
59.270889007817
59.209118657335
59.139350439296
59.061194919582
58.944260036082
58.812229858505
58.722223871492
58.74190550141
58.890700399537
59.047399165787
59.133462321084
59.189559007515
59.160116306086
59.030266401943
59.034517194905
59.063251255928
59.001282737729
58.939055792654
58.995191586995
59.118605532249
59.208487089224
59.194384968769
59.05823742995
58.963117358132
58.976686971462
58.982013115795
59.025987403546
59.103848153297
59.130662110385
59.066733291806
58.925873211216
58.803654485126
58.776892585582
58.819664509718
58.85919935191
58.86111125488
58.862637704972
58.840255961252
58.806300667795
58.797096184019
58.82304238579
58.867056829731
58.858627937616
58.805438701337
58.826143864288
58.882102850062
58.88408184306
