0.0
0.0
0.0
0.0
0.0
0.0
0.0
1.1730554817982999e-80
7.7277982224756e-72
-2.2090704423581e-62
1.5163703157606e-55
3.449216208831e-49
3.8908380693667e-44
1.6386155171965e-40
-6.613516983430201e-36
-4.4823212929436e-33
1.9412834837713e-28
6.1346713286866e-25
7.4118774114194e-22
4.3399656493608e-19
-3.1789860575954997e-17
-3.9057312886988e-15
-2.8084176871257e-13
-1.0994806054695e-11
-2.3205611385097001e-10
-2.5791824728554e-09
-1.4515521102926e-08
-3.9584339264407e-08
-5.6160763964129e-08
-7.9602718697467e-08
-1.6339403300804e-07
-2.4252041023975e-07
-3.6620105676541e-07
-6.3013172989161e-07
-9.2692770934847e-07
-1.6393503105967e-06
-2.6117162774756e-06
-3.329811517709e-06
-3.1290189211329e-06
-4.1157306902508e-06
-5.6310544041536e-06
-5.4147146852546e-06
-6.0794970061306e-06
-6.9467398022879e-06
-7.4898291536573e-06
-7.9757686547521e-06
-8.6967198718544e-06
-1.0113180932534e-05
-1.0589010539585e-05
-1.1420397277458e-05
-1.3847424090408e-05
-1.4194242655256e-05
-1.4582475140121e-05
-1.2521505112033e-05
-4.9061045107785e-06
2.0506060819982e-05
5.1269281588216e-05
7.7099567588325e-05
5.9027544609233e-05
3.9967357427317e-05
3.3623455223612e-05
5.3753842806211e-05
7.2847785347099e-05
6.3092273398532e-05
7.7320907060245e-07
-0.0001566397935939
-0.0001766429388638
8.9142729336723e-06
-1.4570938075149e-05
-0.0001824558304253
-6.39903170391e-05
-0.0002439749290628
0.0002072917195881
5.0783324560993e-05
0.0002435675589022
-4.2128235211128e-05
0.000196281272079
2.2127899611263e-05
0.0001203464642431
1.7320148138284e-05
5.6991080764665e-05
5.9694438495796e-05
6.7183704096127e-06
6.9061360736918e-05
3.8102653281925e-05
2.1015444152929e-05
4.1136570046965e-05
5.6379700607651e-05
3.2275099458526e-05
3.2892279405434e-05
1.1392046024769e-05
3.638078287266e-05
1.3390026587449e-05
2.1193593245043e-05
1.9763523923478e-05
5.8089348875928e-06
1.0281352374004e-05
1.406711601444e-05
2.377032881241e-05
7.2448753376123e-06
1.2353046825088e-05
1.5657099711357e-05
1.1284954840168e-05
9.6960100418645e-06
1.8938482257293e-05
9.7655329868902e-06
1.9611552801576e-05
7.2010029304074e-06
1.2336719063575e-05
3.6968988521326e-06
2.0465505375521e-05
3.7876859249911e-06
1.5965508828613e-05
1.3014691918657e-05
1.1497897498164e-05
7.2389311034162e-06
1.2034432621994e-05
1.4581748434509e-06
2.0184882521274e-05
1.1330389003068e-05
1.7247628615954e-05
8.9408341804566e-06
1.9047151960891e-05
8.9118870206686e-06
8.1134214886286e-06
1.347337501463e-05
9.5697943895466e-06
1.3891356868515e-05
7.892971752205e-06
1.4524193471445e-05
6.9754233440715e-06
1.208740323678e-05
1.0608349771049e-05
8.5899190956711e-06
1.6194874704147e-05
1.2540391225164e-05
8.4171455463803e-06
9.3970958490141e-06
3.3525732067588e-06
1.4993422215594e-05
9.2580726406953e-06
1.620159987635e-05
3.9138786408773e-06
6.5913822912141e-06
1.325487045701e-05
9.6650435628672e-06
1.0916058631725e-05
9.5860486232451e-06
1.0251935204781e-05
1.1298897505064e-05
1.0934019296662e-05
6.3698775130479e-06
1.2738538883252e-05
1.3627029362496e-05
1.2308228049591e-05
1.1352757295456e-05
8.5405839019542e-06
1.2122624575836e-05
1.2992303058924e-05
8.5522431055825e-06
9.560298296095e-06
5.4864781603366e-06
4.0099795166584e-06
1.1480401511646e-06
5.1866409205635e-06
1.1247708545148e-05
1.7598401715166e-05
1.7294560570251e-05
1.7383447890337e-05
2.6505973518798e-05
2.3093522651348e-05
2.5802780002655e-05
1.7705429767351e-05
1.4571177724723e-05
1.1266172202947e-05
1.3036985888773e-05
8.6665817100576e-06
4.207631067778e-06
6.1964986389139e-06
6.2049182542362e-06
3.2276556303753e-06
9.2225258258882e-06
1.0802857843947e-05
1.126734221713e-05
1.2278848695561e-06
1.4423733153488e-06
4.2428364079249e-06
-9.8265863838406e-06
1.6514872179846e-06
-8.1007479303917e-07
8.5495555092539e-06
2.8971675153372e-06
5.9596819694941e-06
9.1232645207153e-06
8.147058069172e-07
-6.1250459805774e-06
-1.0359762281126e-05
-1.23813268621e-05
1.8234505302927e-05
7.6437846115238e-05
7.6966068339262e-05
2.67471513128e-05
2.1826985755142e-05
1.4352423214803e-05
9.485216943431e-06
1.3390438420019e-05
1.1836433063983e-05
1.2386917449341e-05
8.7549881385744e-06
5.371137505796e-06
7.6175253073641e-06
6.2043710423681e-06
8.7240790311417e-06
8.2259575099674e-06
6.2138201661697e-06
2.0664122692336e-05
1.1729069119205e-05
8.7658985644662e-06
1.6773485299036e-05
8.64231503116e-06
9.2519916457574e-06
9.5877959701511e-06
1.178203607418e-05
8.291890793806e-06
1.3258200995944e-05
1.2138559547799e-05
1.8199185231224e-05
1.1902250581557e-05
2.7175740980236e-06
1.2843453152226e-05
6.7792624936755e-06
1.049774923805e-05
2.0876042916179e-05
1.4284043273727e-05
6.1174685137719e-06
1.0855451865651e-05
1.6707732319147e-05
1.3616036077735e-05
5.0231581823111e-06
1.3218542372694e-05
