0.0
0.0
0.0
0.0
0.0
0.0
0.0
1.9831602480311e-132
1.5364430819209e-121
9.1524292477995e-114
-3.2722255422579e-106
7.875590628222501e-99
4.692935856622699e-93
-1.1130239560988e-86
-2.9824146664645e-81
-1.8097900950502e-76
-3.8334827579375e-72
-3.5317263252092004e-68
-1.6421989737735e-64
-4.2580391738026e-61
-6.5450052684367e-58
-6.2033151849492005e-55
-3.7428604685673e-52
-1.4821297920665999e-49
-3.967627723952e-47
-7.3819035119547e-45
-9.786256079450199e-43
-9.4470891874147e-41
-6.7638102941449e-39
-3.6456845179259e-37
-1.4947752856770999e-35
-4.659034627781e-34
-1.0509984384378001e-32
-1.1096072380277e-31
5.1636424805833e-30
4.6929288128328e-28
2.3913732603231e-26
9.314066766301301e-25
2.9451275457986e-23
7.9221252265608e-22
1.857767463391e-20
3.5538740407502997e-19
3.8978368579848e-18
5.2282803292859e-18
-5.5898782264064e-17
-6.3306150274023e-16
-5.5150096297211e-15
-4.3204437571011e-14
-3.0758568103896e-13
-1.9793070362886e-12
-1.1405147374025e-11
-5.8251539456715e-11
-2.6120257845938004e-10
-1.0194953049049e-09
-3.4367431608525e-09
-9.9329142361793e-09
-2.444338971798e-08
-5.0923899784193e-08
-8.9682161684409e-08
-1.3490157369317e-07
-1.7976492694848e-07
-2.2778195257385e-07
-2.926784046036e-07
-3.7632257431076e-07
-4.5823525260492e-07
-5.3557711789511e-07
-6.5818791845803e-07
-8.6536522389202e-07
-1.1065784756902e-06
-1.3224826219018e-06
-1.5781667602222e-06
-1.9880958033502e-06
-2.5666062609245e-06
-3.2967077265303e-06
-4.2646053469573e-06
-5.6230472358324e-06
-7.455920447161e-06
-9.5786627323167e-06
-1.1438068151443e-05
-1.2433330986712e-05
-1.2355969128543e-05
-1.1529744651565e-05
-1.0757278715758e-05
-1.0745340818068e-05
-1.1130967435359e-05
-1.083478115659e-05
-9.813422812577e-06
-9.2921884249306e-06
-9.7461304636203e-06
-1.0154958396043e-05
-9.9763067572644e-06
-9.8604974083476e-06
-9.7457081278794e-06
-9.0764561101935e-06
-8.8595539580853e-06
-1.0121732901782e-05
-1.1763339803116e-05
-1.2684965047424e-05
-1.332928766666e-05
-1.4079083298914e-05
-1.5002068827801e-05
-1.6721630020687e-05
-1.9584711485474e-05
-2.2918571005478e-05
-2.6038089510243e-05
-2.8764601980862e-05
-3.0987344690225e-05
-3.3267560870456e-05
-3.5966119534639e-05
-3.6937803368042e-05
-3.2745824208325e-05
-2.0085520487772e-05
5.6267063616576e-06
5.1519727458435e-05
0.000125930141284
0.0002312686822246
0.0003597707055009
0.0004950043386198
0.0006089378010116
0.0006712467421466
0.0006679866843038
0.0005994463762306
0.0004804261731123
0.0003459957741739
0.0002276255308814
0.0001342191222138
6.8006177042459e-05
4.7887883032938e-05
8.6650449303952e-05
9.3149011369163e-05
-6.8668342765666e-05
-4.0115172573378e-05
0.0007714942901351
0.0003388020226104
-0.0056131203705427
-0.0062774645616253
0.029916737762691
0.10858479662343
0.21173746359411
0.32102860611696
0.42745525645943
0.52031563540385
0.60152874572276
0.68061047385015
0.75551957430691
0.82899439323211
0.89753607106173
0.9677117727035
1.0345768663468
1.0954444304276
1.1572578343115
1.2182953449008
1.2744794287209
1.330557490692
1.3857849989031
1.4393466005204
1.4912068226274
1.5419427347943
1.5927776102674
1.6413685073941
1.687392126601
1.7351349031102
1.7798252592785
1.8211967930553
1.864417627001
1.9055886419056
1.9449297143842
1.984485946131
2.0231770955891
2.0623314295951
2.0997255667497
2.1354240745668
2.1715516154102
2.2071988055272
2.2408897900233
2.2748341831872
2.3093243956789
2.3427135862208
2.3761612876651
2.4089989192582
2.4419767981624
2.4742078171659
2.5052390570732
2.5364619203241
2.5670821633377
2.5972417319434
2.6272362496235
2.6576749622748
2.6874970251792
2.7171558199848
2.7467169815543
2.7752751533163
2.8030064379475
2.8311816101236
2.858971935553
2.8868268144357
2.91556626769
2.9442546220314
2.9717717953759
2.9992664204877
3.0264970966638
3.0529345793136
3.0790361865913
3.1056302830909
3.1324409321981
3.1591118952249
3.1859698461442
3.2128906563098
3.2398487176966
3.2657793078476
3.2911755571788
3.3170443509108
3.3420544935206
3.366585553245
3.3919226249215
3.4174048567761
3.4427783014334
3.4682159264797
3.493365229619
3.5186507165041
3.5435757477883
3.5681476863363
3.5931364067058
3.6179222223033
3.6418561444808
3.665985240713
3.690697595701
3.7145690647729
3.7380220103177
3.762007473629
3.7857749112013
3.8086456900239
3.8303760944136
3.8511026469379
3.8710462656644
3.8901799329884
3.9083078138499
3.9265705410494
3.944905657988
3.9621171952336
3.9786349995336
3.9957460567732
4.012946224079
4.0298352077671
4.0466011581589
4.0634251521246
4.0801719968925
4.0970626678075
4.113926760171
4.1309913563744
4.1480400222829
4.1644495160985
4.1805934487587
4.1965920560968
4.2129408807752
4.2294081228292
4.2453936807129
4.261201768431
4.2773499854485
4.2936752335818
4.3098342329188
4.32603564888
4.3422007731763
4.3583022781926
4.3746071394981
4.3909640793673
4.4069836891849
4.4229433415545
4.4389612900703
4.4547702916061
4.470191141516
4.4853645593926
4.5007840240497
4.5168184190096
4.5334548937252
4.5502244510789
4.5666821577914
4.5827622630486
4.5986889890145
4.614415975578
4.6298193970076
4.6452437845352
4.6611721340236
4.6774428524417
4.6936971072805
4.7100071293845
4.7259959407209
4.7412049130922
4.7563343426321
4.7721152274712
4.7881446822714
4.8041275872756
4.8202169763595
4.8363546024761
4.8522763028328
4.8677796127093
4.88305585889
4.8982853829539
4.9136535172706
4.9296352928138
4.9460796380793
4.9622060315426
4.9779823480478
4.9937287695436
5.0092541284865
5.0247460723112
5.0406979263671
5.0570828135325
5.0733291799332
5.0893476111639
5.1052525874304
5.1209077035638
5.1366078152244
5.1527808855032
5.1690298326633
5.1850402020877
5.2014183002643
5.2181946393083
5.2348176998075
5.25124377905
5.2678921853923
5.2847861558838
5.3015869401792
5.3183130222588
5.3350490197414
5.3516529744081
5.3680301751026
5.3845760889643
5.401805816111
5.4198917526505
5.4389284263456
5.4591105494079
5.4804430461023
5.5026051945909
5.5250693476727
5.54704558542
5.5675895345267
5.5858015859245
5.6010716788644
5.6135600913776
5.6239637044419
5.6324294617363
5.6388662233707
5.6438857329284
5.6484098778765
5.6530000486742
5.6577591488536
5.6626091251125
5.6676267475349
5.6729434491267
5.6781878413596
5.6829899589348
5.6875387610748
5.6917664452468
5.6952794766407
5.6983767537538
5.7016472894754
5.7051821795099
5.7090972781677
5.7131230519459
5.7169990974401
5.7208549506797
5.7249105212141
5.7294264929812
5.7340377457891
5.7382005794017
5.7421461464647
5.7463694918611
5.7507447925715
5.7551988722767
5.7596756418207
5.7640647154931
5.7686547015092
5.7735037706589
5.7784444567979
5.7830959653205
5.7871573360683
5.7908194572672
5.7944556212601
5.7980952262201
5.8018248163433
5.8058006247051
5.8099637460881
5.8139428009409
5.8175617828374
5.8210764547843
5.8247064251999
5.8285107429746
5.8325440759167
5.8368068435276
5.8414271029172
5.8470679131457
5.8547386603013
5.8649785322968
5.8775451908807
5.8916250574615
5.9058266553172
5.9184653137359
5.928493178448
5.9357271027333
5.9406585540192
5.9442119136595
5.9472438964035
5.9496865025943
5.9509703645604
5.9514277320404
5.9516300107026
5.9519749676079
5.9529289271688
5.9539788662959
5.9543183233886
5.9543111883491
5.9542906631067
5.9542811462215
5.954264072001
5.9542262114187
5.9542195998198
5.9542711433437
5.9543346465564
5.9543690857288
5.9543636245591
5.9543207950987
5.9542705621405
5.9542416372083
5.9542589967698
5.9543139534878
5.9543365992659
5.9543128479413
5.9543075398275
5.9543426620106
5.9543779961304
5.9543771973119
5.9543325680381
5.9542574997887
5.9541996081138
5.9542036170772
5.9542572118465
5.9543119126054
5.954316788012
5.9542646047325
5.9542067246558
5.9541817890824
5.9541919105361
5.9542225149628
5.9542433537742
5.9542403856687
5.9542267240799
5.9542211219381
5.9542207302597
5.9542070598491
5.954177806256
5.9541404018808
5.9541126102266
5.9541204593525
5.9541458820579
5.9541423015522
5.9541080266796
5.9540909863427
5.9541024845298
5.9541110176644
5.9541124409099
5.9541139967264
5.9541040728245
5.9540777451524
5.9540507331435
5.9540338717425
5.9540175179364
5.9539918359433
5.9539710699986
5.9539787212488
5.9540104089768
5.9540424900847
5.9540503354585
5.9540178813684
5.9539557242044
5.9539025519352
5.9538841015037
5.9539002622546
5.9539341332281
5.953956056141
