0.0
0.0
0.0
0.0
0.0
0.0
0.0
0.0
0.0
3.6709712449835e-178
2.4043412929097e-164
3.9500302703560004e-154
6.3401194748001e-146
-2.7419433474623997e-138
-4.7451653410404e-131
-1.1198702971382e-124
-6.838821710112701e-119
-1.4149560831508e-113
-1.1900461714539e-108
-4.6644283664428e-104
-9.4397544429767e-100
-1.0657134487605e-95
-7.1297174177624e-92
-2.96636599776e-88
-7.9713073945465e-85
-1.4226795900999998e-81
-1.7177127011358e-78
-1.4151546452565e-75
-7.9207189533369e-73
-2.9229296985370004e-70
-6.368406485132e-68
-3.729422496872e-66
2.3999730228285e-63
9.3378341585443e-61
2.0077810866857e-58
3.6472478604324e-56
7.0740431363372e-54
1.3931398830586e-51
2.3776772421566998e-49
3.2841018648953e-47
3.6566998346958e-45
3.3373759946926997e-43
2.5487910131256997e-41
1.6615643835485e-39
9.4109227711787e-38
4.6997820300943003e-36
2.0928955311870002e-34
8.3742463467201e-33
3.0235845422483e-31
9.8689120900247e-30
2.9145877027485e-28
7.8022715556925e-27
1.9003930678947e-25
4.2309769317047004e-24
8.6244100450393e-23
1.6016847959277e-21
2.6787857109888e-20
3.9718082920972996e-19
5.1037315155141e-18
5.3632719421476997e-17
3.5926911473407004e-16
-1.6452662553381002e-16
-2.7431620719299997e-15
-2.1982545333483e-14
-1.5928295904998e-13
-1.0427109528211e-12
-6.157905836713299e-12
-3.2713432616660006e-11
-1.5614189792309e-10
-6.684233936113901e-10
-2.5607287298112e-09
-8.7549866951814e-09
-2.6622887184253e-08
-7.1712356922316e-08
-1.7029723436668e-07
-3.5465012977398e-07
-6.4426510363378e-07
-1.0168620268526e-06
-1.3949884473065e-06
-1.6820883682361e-06
-1.8407097986952e-06
-1.9397131445833e-06
-2.1146595187771e-06
-2.5079546580297e-06
-3.2629382187894e-06
-4.435099605319e-06
-5.7472958981879e-06
-6.7188448358055e-06
-7.5667978066262e-06
-9.5938087884604e-06
-1.3575203716704e-05
-1.830614740541e-05
-2.2773380504083e-05
-2.8950631472646e-05
-3.8990671599852e-05
-5.0257336410527e-05
-5.6953897356466e-05
-5.5274739136557e-05
-4.3956239174266e-05
-2.414844025029e-05
-2.3459625392958e-06
1.1666702903231e-05
1.3094162458396e-05
6.805641278048e-06
3.3820602364493e-06
7.4015725963479e-06
1.1084396369561e-05
9.8864753174326e-06
1.490693989458e-05
2.9428787211983e-05
3.2993752779557e-05
1.6062814984373e-05
1.5492584362614e-06
3.8482025628182e-06
4.5537368147051e-06
-4.2306803549306e-06
-3.4756810220297e-06
1.9113545826645e-06
-1.3826649579093e-05
-3.3493577773876e-05
-2.5976929782587e-05
-1.4474904256963e-05
-2.4440688302919e-05
-3.3331289096387e-05
-3.271574185409e-05
-4.2745612179536e-05
-5.7142726612354e-05
-5.8069149606632e-05
-4.8715932764735e-05
-3.48026386752e-05
-2.7846784352828e-05
-4.9340127968099e-05
-8.3153598841491e-05
-8.4281929178191e-05
-6.2515804487648e-05
-6.9280199996454e-05
-0.0001056393337853
-0.0001252338240337
-0.0001148181646559
-0.0001161646484562
-0.0001297178235693
-0.0001006936376075
-5.433804785948e-05
2.047333665403e-05
0.0002734815078491
0.0006830056099278
0.0011371771508813
0.0017667792715716
0.0026121842982892
0.0034368186665188
0.0040657768967688
0.004365134290089
0.0040705804155845
0.0030058575048321
0.0013282661563883
-0.0005483112769919
-0.0020739195473358
-0.0028221780284915
-0.0027761595035577
-0.0020751494459154
-0.0010330349048515
5.7161062239075e-05
0.0011899762349804
0.0015820730649208
0.0007252976856303
-0.000657198352641
-0.0027986022590243
-0.0052412990648343
-0.0066825599620512
-0.0096744363209167
-0.016088025568056
-0.012857483716155
0.015717789950959
0.038197152044428
-0.10173207147144
-0.28736548999319
0.49248364474576
2.2822893354036
3.2419634601866
4.2143881666663
4.3574110783205
4.199007107943
3.6205423868629
3.3560092042791
3.005031516
3.0100146749935
2.7615779088001
2.7486634502435
2.5834564668753
2.6152964635319
2.5602190007151
2.4756619407563
2.4018671132315
2.459503979429
2.3925195217739
2.2903921510872
2.2970617956516
2.3050564582462
2.1807008067433
2.141394531357
2.1427687934403
2.1191165181783
2.0367806483262
2.0065564565026
1.953573504859
1.9432739901505
1.8978914610011
1.897345702835
1.8476365256552
1.8229959518379
1.7600289114391
1.7790294081795
1.7651059778922
1.6980948540587
1.7167752475851
1.6512082799293
1.6558797358964
1.6026722462152
1.5742309775314
1.5586878885808
1.5599409289093
1.5255932195453
1.5204700992953
1.5020082461113
1.4794752395176
1.4860499571878
1.425155830659
1.4396312666175
1.4202330173642
1.4186610837655
1.3380603830031
1.3876104084567
1.3485430317179
1.3217603174581
1.3104462164506
1.3239125738934
1.3169958990805
1.2725212838937
1.266174909637
1.2771663839137
1.2799409585266
1.2249238496516
1.2250597606155
1.2223887628213
1.2209403821291
1.2004971817136
1.2191603897408
1.1889063144327
1.1782216929936
1.1490639599623
1.1189555596285
1.1069498755148
1.0870945664507
1.0335392915545
1.02041917783
1.0050034386854
0.96052469993424
0.94778181029333
0.9512322988714
0.92139305343757
0.89672730452506
0.87961879227763
0.8856841503329
0.85903808917092
0.81987250925728
0.8334944915374
0.83992214767292
0.81957782698705
0.81837368238009
0.81157637739864
0.7672692865885
0.75883574389621
0.77203245083197
0.75112489528557
0.73017344537902
0.76517543054386
0.76316308841449
0.74117202718966
0.7321653744409
0.73185801485174
0.73178992466723
0.73957054966272
0.73535855706162
0.73065869244431
0.74392637291005
0.72177895503742
0.72374731567457
0.75385925512386
0.71964108571763
0.68379431908454
0.69856435804176
0.7132717041916
0.72335689960781
0.73310556933919
0.72053616008354
0.70247590072263
0.69928828337957
0.69841764501959
0.69026529036478
0.69031206716836
0.69489239390457
0.69929885248747
0.72247634836557
0.72224854563885
0.69329395311151
0.68769758522897
0.68892630564008
0.6767169903334
0.67364216504337
0.66239834473301
0.65573836948154
0.68647906679047
0.70857212589921
0.69800774433339
0.68514106180366
0.66819784803513
0.64414517573077
0.62305628544479
0.59484090418245
0.5176293662025
0.399227028824
0.29595389047117
0.2427370751608
0.23524405028006
0.23088548556416
0.21162673827675
0.20706006232061
0.21384959074346
0.20447772584511
0.19316323278211
0.19821598592955
0.19929345648571
0.18950098415829
0.19952939306442
0.23307189320185
0.26290703378002
0.28499709825667
0.3074073337114
0.31659921275882
0.30953470233186
0.31624345360726
0.34436275798768
0.3734887334506
0.39727254442781
0.41127122090536
0.41780728840948
0.42603459584072
0.43874067008645
0.45945393380045
0.49711020787946
0.54585604676234
0.57861176010441
0.59289159909284
0.62362590657834
0.67718254897144
0.73703095133091
0.80406988586112
0.85108820654725
0.82685486214444
0.74123111307856
0.62405658699518
0.48691927944624
0.39416589840755
0.38578096914499
0.39456672584244
0.37910510818904
0.3612418983721
0.34445682025108
0.33694046934514
0.35936239186114
0.39998798997445
0.43189499884413
0.43840185829644
0.41782422141878
0.36237104886325
0.26970565816988
0.17224992336295
0.11640506120152
0.092403750777237
0.076123457327526
0.067549922950505
0.041461023561951
0.003070366052782
-0.0027855529900478
-0.0033472115880784
-0.0014795752822039
-0.0008911343087447
-0.0008536973581385
-0.0002625220592023
0.0006752808740628
4.6281146381944e-05
-0.000999376295141
-0.0015240611890732
-0.0010539627691486
0.0014019143122823
0.0025612465766045
0.0009074627755012
-0.0013783264101619
-0.0027375445483813
-0.002445065598522
-3.2438680364067e-05
0.0026610460778897
0.0022370433708119
-3.1103279241051e-05
-0.0009353760376029
-0.0001886894878566
0.0005942380798984
0.0003022796022378
-0.0003433115100648
-0.0006613962895585
-0.0003866697582566
0.0002266800635197
0.0001975763630923
-2.7896602361466e-05
0.0004770414474109
0.0003026655811311
-0.0010037099734461
-0.001381527400568
0.0002958889563586
0.0019107919836614
0.0006286649401943
-0.0017669827773403
-0.0015323252213761
0.0003994748642099
0.0017559846007487
0.0016517255019721
-0.0003360167394106
-0.0015761426276129
-0.0004070770085462
0.0010404034799905
0.000462183926686
-0.0022390791173166
-0.0035762820594698
-0.001576854469576
0.0015797693805553
0.0036792614675818
0.0032821703719321
0.0003375257627169
-0.0028837561171002
-0.0044074604719668
-0.0031270712025133
0.0005460507665588
0.0033737449761873
0.0025611376088364
-0.0001578250120815
-0.0018434630476349
-0.0018794242137687
-0.0001803544527945
0.00206904848703
0.0023255044560244
-8.7064476161912e-05
-0.0025958625172962
-0.0026060620186286
-0.0007043806444784
0.0009755730765448
0.0010019045276977
0.0001144719256274
-0.0006845534834099
-0.0009299452980116
0.0003459324602772
0.0019412464506985
0.0016111947871877
-0.0006631393357992
-0.0025747339581272
-0.0023497543736539
-0.0006261701575027
0.0009244157801902
0.0013931761824182
0.000842284118363
-0.0003549942917402
-0.0008686560505566
-0.0002089760094747
0.0005982694915474
0.000646171060481
-0.0003529393403312
-0.0014837776156185
-0.0015092185684296
-0.0002247737448613
0.0011327181695719
0.0011789053559141
