-120.0
-120.0
-120.0
-120.0
-120.0
-120.0
-120.0
-120.0
-120.0
-120.0
-120.0
-120.0
-120.0
-120.0
-120.0
-120.0
-120.0
-120.0
-120.0
-120.0
-120.0
-120.0
-120.0
-120.0
-120.0
-120.0
-120.0
-120.0
-120.0
-120.0
-120.0
-120.0
-120.0
-120.0
-120.0
-120.0
-120.0
-120.0
-120.0
-120.0
-120.0
-120.0
-120.0
-119.99999999999
-119.99999999991
-119.99999999926
-119.99999999454
-119.99999996456
-119.99999979815
-119.99999899254
-119.99999559775
-119.99998317899
-119.9999438736
-119.99983667045
-119.99958581519
-119.99908437995
-119.99823063162
-119.99699004071
-119.99542843677
-119.99364977966
-119.99164999635
-119.98921023207
-119.98596537645
-119.98164852369
-119.97628410591
-119.96997217818
-119.9623147793
-119.95232389478
-119.93925099386
-119.92299942399
-119.90297492751
-119.87704201803
-119.8423393885
-119.79651858385
-119.73803851627
-119.66693725961
-119.58679228909
-119.50548631113
-119.43185078267
-119.36917170633
-119.31174162042
-119.24938811462
-119.17681545588
-119.09825904965
-119.02135652037
-118.94798808792
-118.87454430727
-118.79803881076
-118.7176979802
-118.6338986486
-118.54752282049
-118.45844293413
-118.36653531999
-118.27330899319
-118.17718184431
-118.07083252276
-117.95118177164
-117.82561020316
-117.70031813342
-117.57491445781
-117.45033194693
-117.32356237871
-117.18538809612
-117.03528765424
-116.88175326549
-116.73267096189
-116.58847449385
-116.44589552102
-116.31712760599
-116.20985575928
-116.11791339558
-116.07569980788
-116.13921414803
-116.3304149323
-116.66052980758
-117.15814720911
-117.84805594599
-118.65074660412
-119.45476865565
-120.29357856141
-121.11202953796
-121.77359804393
-122.37850314867
-123.00655190978
-123.63386868967
-124.2475762096
-124.84698721691
-125.47138753476
-125.89480349411
-126.03441907231
-126.00789513702
-125.53353547078
-124.45178538585
-122.92614697856
-121.10158202303
-119.33099665359
-117.97128753823
-116.69526419139
-115.34111960844
-114.59451557991
-113.66017207265
-113.07800071934
-112.52506239845
-113.0028706022
-112.77323785317
-112.2655043228
-112.75508557339
-112.98545753355
-113.24076338329
-112.80827833366
-113.52431488064
-113.93430360475
-113.97296759858
-113.98781541791
-114.84598441639
-115.06692151492
-114.86961014262
-115.19447874506
-115.73634383555
-115.81237591069
-115.90985690604
-116.48740091949
-116.84139007872
-116.86774488399
-117.17471520435
-117.63307997082
-117.68171377666
-117.74987551884
-118.22464510099
-118.27067588573
-118.3544055612
-118.79899734773
-119.06094003766
-118.93208530133
-119.29454446755
-119.15944354493
-119.48723632587
-119.57190134732
-119.68275796302
-119.9062532381
-120.09791209499
-120.16077242719
-120.28184263112
-120.38222214042
-120.42993243944
-120.58323798323
-120.59229172862
-120.76094804287
-120.78188701899
-120.92471231863
-120.98838179295
-121.18787386311
-121.00237343446
-121.21774023903
-121.32314507079
-121.27008724443
-121.3223763065
-121.36941833182
-121.50613892659
-121.56224371323
-121.52504933833
-121.66326481747
-121.74411287806
-121.67732695095
-121.79635065058
-121.83447362169
-121.93562487461
-121.94082959981
-121.99449466277
-121.98947421888
-122.06077216652
-122.06295820588
-121.95800576316
-122.13637405119
-122.12502757608
-122.11647162689
-122.17706058241
-122.32646927149
-122.25567253723
-122.23314874073
-122.33532111578
-122.28928533114
-122.2554361041
-122.33920299321
-122.46808276944
-122.48486436789
-122.45229014606
-122.49771817055
-122.72865723096
-122.84284249513
-122.82312781985
-123.0190242585
-123.10205001495
-123.06646927345
-123.12315097189
-123.22218372585
-123.29913321817
-123.13208529197
-123.06694491935
-123.18106709015
-123.19396711283
-123.06385036034
-123.06755706668
-123.16801033179
-123.06522732469
-122.99853843054
-123.11371745797
-123.17040019419
-123.14379543596
-123.20650296285
-123.20922755597
-123.18148602442
-123.1892599337
-123.17582827783
-123.20222753342
-123.21373110783
-123.16099067904
-123.16763539849
-123.25467207129
-123.24737467318
-123.19459506085
-123.27786599127
-123.33385742467
-123.3000566157
-123.26805742849
-123.31047989609
-123.31158515984
-123.27090622094
-123.28939840641
-123.25598916344
-123.2307252652
-123.21638654495
-123.21673953841
-123.28852827214
-123.39380907461
-123.34760183283
-123.27964555478
-123.36418883562
-123.39237867953
-123.29790781445
-123.38382375038
-123.44092521516
-123.30166005766
-123.25644346621
-123.34010755592
-123.36343071095
-123.33318796638
-123.39642313569
-123.50047458475
-123.42133205214
-123.32548411474
-123.39131688378
-123.41147426308
-123.33970863799
-123.38823187713
-123.43098685132
-123.43187784006
-123.44704447486
-123.47223578088
-123.43600860003
-123.4019915635
-123.40396557482
-123.48924037116
-123.54521467039
-123.50753578577
-123.47554948467
-123.48963994252
-123.46390993027
-123.40569963457
-123.43603824859
-123.52908092624
-123.53443739644
-123.46086093764
-123.49696498249
-123.54880721303
-123.50661307368
-123.49149395963
-123.53969061071
-123.54822629488
-123.51310836109
-123.48596845746
-123.43904626862
-123.35854457515
-123.283656147
-123.21065378741
-123.11505730633
-123.00864572267
-122.91009257194
-122.71878889322
-122.48399481679
-122.32197790276
-122.1668130616
-122.05292803644
-121.97196362962
-122.01228463136
-122.13600735825
-122.31475955084
-122.49362296659
-122.55026719178
-122.55098896611
-122.54781504591
-122.50711585251
-122.37555451925
-122.27522585229
-122.26438079906
-122.28798730107
-122.34970251533
-122.40708834629
-122.45611352064
-122.49172673598
-122.54718779452
-122.64413491783
-122.74497099346
-122.84004769438
-122.95117968035
-123.0371056297
-123.10027252894
-123.20674767744
-123.31637372917
-123.42063020309
-123.48157562162
-123.53996321673
-123.56578031243
-123.53654143291
-123.51994141583
-123.56564416863
-123.62088270847
-123.6558045987
-123.6809022261
-123.74538539169
-123.82043055082
-123.89187787001
-123.95415762259
-124.07710619412
-124.21916426043
-124.33852940188
-124.39325552234
-124.40952703839
-124.44225495641
-124.49040677802
-124.47428894163
-124.41703141506
-124.38186539027
-124.39663336654
-124.38684234393
-124.29330232474
-124.21889051164
-124.21607011596
-124.23518577978
-124.23766778766
-124.2336859081
-124.2253403663
-124.20046680553
-124.18422498122
-124.24306815355
-124.31254762028
-124.24780450572
-124.0646730626
-123.81498508372
-123.50816298229
-123.16888239061
-122.91611222351
-122.80650177338
-122.73809059476
-122.61700041765
-122.5215211483
-122.54171331403
-122.60748752953
-122.60056545862
-122.58339938003
-122.63783149341
-122.71140273931
-122.73367150043
-122.67695624484
-122.62243307152
-122.60340419761
-122.60102851841
-122.64463556458
-122.73470557454
-122.84372537354
-122.9261607219
-122.97078389611
-123.00068643346
-123.01253276159
-123.03242944677
-123.04919336461
-123.06088822436
-123.09596061377
-123.15379811378
-123.16325572761
-123.092436317
-123.01597888814
-123.02074630141
-123.07699729801
-123.15375893312
-123.17932185638
-123.13954900051
-123.10640642074
-123.15342168632
-123.23090361558
-123.21937072678
-123.17526755967
-123.20218627769
-123.2699956
-123.29881570774
-123.30428114604
-123.37898566408
-123.50998921548
-123.54350773645
-123.44272825507
-123.35105219909
-123.33392312119
-123.31026272476
-123.23321093794
-123.20948096837
-123.32061107089
-123.47817492245
-123.52991898229
-123.47584363319
-123.4511748348
-123.5243359495
-123.60022126621
-123.58032115828
-123.47930351244
-123.35993158385
-123.27643044045
-123.27635947569
-123.3596736531
-123.46779500669
-123.53186848688
-123.53466168323
-123.49822732939
-123.4518506802
-123.40963704578
-123.38448385872
-123.40512541971
-123.47961911953
-123.56017889901
-123.57021234544
-123.49585612135
