0.0
0.0
0.0
0.0
0.0
0.0
0.0
0.0
-7.0065701635926e-123
-1.9737884365879e-107
-3.6338933884764e-98
-1.0231250464914e-89
-3.445308176286e-80
-2.4928954316183e-73
1.1528945053031e-67
3.2872957295871e-61
8.1188409740702e-56
5.8060272642973e-51
1.5788453513372001e-46
1.8990330408728e-42
1.1208373425709999e-38
3.5086418117273996e-35
6.1908227902756e-32
6.4646628847921e-29
4.1558816912846e-26
1.6979242002001e-23
4.5218968044327e-21
8.216065553875001e-19
-1.0955021680201e-17
-6.269317383705801e-16
-2.636541725087e-14
-7.2568403276754e-13
-1.2683884904678e-11
-1.3303350633263e-10
-7.216330269290901e-10
-7.2264973056062e-10
1.2349441667931e-08
6.3230407793094e-08
1.2813997007912e-07
1.5633146961059e-07
2.3698269500014e-07
4.0109207130946e-07
5.8437062244499e-07
9.3715346377444e-07
1.4558612220087e-06
2.4110855928071e-06
4.3051735128051e-06
6.3353147592589e-06
5.5756498112492e-06
3.0520970510206e-06
4.0037213493679e-06
4.3811418394502e-06
3.239713856822e-06
3.5174416847271e-06
3.2471840039383e-06
2.7665050083067e-06
2.8031320552939e-06
3.9177430197355e-06
4.6716174575213e-06
3.8296534201774e-06
3.4812847892593e-06
4.8175536056227e-06
3.4607863854357e-06
3.4026686585498e-06
2.8513108886983e-06
3.2725241936021e-06
5.3471595699958e-07
1.1615895339217e-06
-1.4758486310044e-06
-2.3298824294969e-06
-9.9617712836196e-06
-1.5913295283847e-05
-3.9333176230335e-05
-6.7919031989801e-05
-0.0001019980866272
-0.000117584013972
-0.0001013229328224
-7.3444660991587e-05
-4.3102396379346e-05
-4.1090331604017e-05
-3.5630558083555e-05
-2.265409034791e-05
-7.4028076273903e-06
-4.0465682545675e-06
-3.6293452395121e-05
-6.7148851705393e-05
-0.0001275563043801
-8.6191432980667e-05
-0.0003280104683392
-0.0008672113148071
0.0008531209590929
0.0010533887653227
0.0005556493111592
0.000260515940088
3.6667478491414e-05
0.0002139467814355
7.0923066783305e-05
-8.1112139343625e-05
0.0001362156556983
-1.2550918057408e-05
-6.1484841239231e-05
2.4579611783331e-05
-1.593143564499e-05
3.6267804562408e-05
-2.5469837365849e-05
1.4756843448293e-05
-5.8233957647623e-06
1.2793723679939e-05
-3.3659126943887e-05
2.6348946320791e-05
-1.1626271074575e-05
-2.6889117929186e-05
2.5871500613577e-05
-5.2406635209828e-05
3.3183780769527e-05
-2.7860049592219e-05
-1.7110382014005e-05
-9.999144977252e-06
-4.8660445026908e-06
-8.1913773867554e-06
-1.5031716964447e-05
-2.0253441343926e-06
-4.7261629743783e-05
-8.8487104840488e-06
2.6877790709445e-07
-1.9478156870525e-05
-2.7001956331474e-06
-3.6427347744454e-05
1.6105509976401e-05
-2.7322459310068e-05
7.3477947608299e-09
-1.2476394137009e-05
-1.5971945769275e-05
-6.5799510747854e-06
-2.0034719105324e-05
1.4611403291987e-06
-1.5069322557732e-05
-2.3240253736578e-05
-2.847510487394e-06
-1.5932838473494e-05
-8.0985207404215e-06
-4.6407275114545e-06
-1.4778379312755e-05
-1.495195120775e-05
-5.5623134725014e-06
-3.6824579363041e-06
-7.8505885077845e-06
1.0484350707203e-07
-2.2516704463041e-05
4.8807875432757e-06
-7.3793226414365e-06
-1.279085568564e-05
-1.3668988191638e-06
-1.7011949335967e-06
-1.3264750018289e-05
-6.6414405122867e-06
6.0246622430497e-06
-1.5330460803303e-05
-5.2480800699636e-06
6.5894885536099e-06
-7.5154883394764e-06
-1.1482460594439e-05
-3.9401242523629e-06
-1.3780115066775e-05
-1.1830763146494e-05
-4.837632774107e-06
-5.7058005777915e-07
-1.2618479094678e-05
-1.7300614440711e-05
-1.5483140403975e-05
-1.0445054501564e-05
-2.1999004966381e-05
-1.3005209376209e-05
-7.3881348379895e-06
-8.5955017609378e-06
-2.0394608538475e-05
-2.0375322886346e-05
-1.7008052039612e-05
-1.9257327500725e-05
-3.2947137644215e-05
-0.0001000900043358
-8.776942877086e-05
3.458654016861e-05
1.984956328854e-05
1.9316397177273e-05
3.774275902591e-05
2.5364216674633e-05
1.0657197673001e-05
-1.2438500747274e-05
-9.3889640838268e-06
-1.1622466422169e-05
-8.3315225055848e-06
-7.8882296444212e-06
-1.0839034111935e-05
-4.181782160858e-06
-1.3111517295025e-05
-8.4546879690261e-06
-9.7525066925229e-06
-1.3116106390246e-05
-4.239654873676e-06
-1.053578808537e-05
-1.4462869961156e-05
-1.4578484203932e-05
-9.6665143288426e-06
-1.0752172130752e-05
-8.8911886291748e-06
-6.0007051060517e-06
-7.4688674930352e-06
-2.1490160038764e-06
-5.4277530358479e-06
-7.8661902791282e-06
-1.5200080430218e-05
2.1038824146804e-07
1.8232977287166e-06
-9.3745552939297e-06
-1.2155443327004e-05
-6.2322854431744e-06
-7.283424878696e-06
-3.5613357155578e-06
-3.472757557273e-06
-1.2168689032892e-05
-1.0437808009787e-05
-1.2678792191287e-05
-4.7190398408946e-06
6.1145404041896e-06
-8.684338721502e-06
-1.6697940796633e-05
-8.6847740322373e-06
5.805655749777e-06
1.5955793101452e-06
-2.089487384178e-05
-1.2204272339711e-05
2.5343313401624e-06
-1.1347377694995e-05
-8.3184321204369e-06
4.0409865792356e-06
-1.0797537830538e-05
-1.4820968197777e-05
-1.2486156309218e-06
-9.2242849243848e-06
