-120.0
-120.0
-120.0
-120.0
-120.0
-120.0
-120.0
-120.0
-120.0
-120.0
-120.0
-120.0
-120.0
-120.0
-120.0
-120.0
-120.0
-120.0
-120.0
-120.0
-120.0
-120.0
-120.0
-120.0
-120.0
-120.0
-120.0
-120.0
-120.0
-120.0
-120.0
-120.0
-120.0
-120.0
-120.0
-120.0
-120.0
-120.0
-120.0
-120.0
-120.0
-120.0
-120.0
-120.0
-120.0
-120.0
-120.0
-120.0
-120.0
-120.0
-120.0
-120.0
-120.0
-120.0
-120.0
-120.0
-120.0
-120.0
-120.0
-120.0
-120.0
-120.0
-120.0
-120.0
-120.0
-119.99999999998
-119.99999999988
-119.99999999934
-119.99999999672
-119.99999998569
-119.99999994543
-119.99999981835
-119.99999947431
-119.99999868261
-119.99999714531
-119.99999461361
-119.9999909034
-119.99998541246
-119.99997632004
-119.99996153843
-119.99994398224
-119.99993705901
-119.99995559566
-119.99998660269
-119.9999771575
-119.99989265337
-119.99980025093
-119.99981860508
-119.99992024098
-119.999892952
-119.99964251505
-119.99939684923
-119.99936975519
-119.99939463633
-119.99923544587
-119.99906927791
-119.99926205375
-119.99982280397
-120.00035950409
-120.00043457896
-119.99992285256
-119.99917846024
-119.99878160469
-119.99901939707
-119.99945407642
-119.9989906194
-119.99727709895
-119.99618456261
-119.99787340826
-120.00103518747
-120.00194104674
-119.99965446553
-119.99687568367
-119.99537330971
-119.99460924257
-119.99501037123
-119.997429095
-119.99948025959
-119.99832674578
-119.99569129266
-119.99461544085
-119.99489570135
-119.99560054966
-119.99693954813
-119.99791752015
-119.99668714775
-119.99337194937
-119.99052571154
-119.9909316604
-119.99395896957
-119.99521991387
-119.99266986637
-119.98911466383
-119.98671763087
-119.98522559142
-119.98377539817
-119.9818258854
-119.98235205029
-119.98620662192
-119.9863236667
-119.9815898981
-119.97932905723
-119.98062379505
-119.98573178911
-120.00041084238
-120.02544838969
-120.05471515065
-120.0817607396
-120.10060043592
-120.10478923501
-120.09783469973
-120.09257447079
-120.09265510591
-120.10112549001
-120.12303670136
-120.14441017819
-120.15480650127
-120.17470546937
-120.20881509277
-120.1934113302
-120.08860392254
-119.97028986232
-119.88091188917
-119.7624852785
-119.62324080753
-119.51075953979
-119.39950738808
-119.29662567329
-119.22419791016
-119.12940780237
-119.03754730225
-119.01646554059
-119.0462481344
-119.02823488469
-118.84744177967
-119.20294786546
-120.90788744
-121.11072884198
-121.787258363
-121.02118973639
-122.33188985208
-121.2376265923
-121.43433171008
-121.6393626412
-122.59904588617
-121.91898062826
-122.22995412065
-122.63468562648
-122.83221726104
-122.48911430419
-122.69158973134
-122.83311063511
-122.85207953222
-122.64490577708
-122.55938890248
-122.84725350803
-122.6997061519
-122.41382192006
-122.50649503526
-122.38193819478
-122.1020109764
-122.06067980826
-121.87265669243
-121.7151607278
-121.63949462723
-121.49896596276
-121.32613776934
-121.22792253044
-121.11968875066
-120.85677447059
-120.71037321758
-120.5894092763
-120.64338197953
-120.397342816
-120.0223391982
-120.05542708729
-119.94653465
-119.69500604443
-119.71615175751
-119.61710305401
-119.41658110753
-119.26763877607
-119.27773795398
-118.94542461563
-118.82235314175
-118.79121358272
-118.80474316076
-118.54955078151
-118.37062372926
-118.43496529137
-118.30349162676
-118.13991980421
-118.11150065766
-118.07097068762
-117.86385358824
-117.87069260101
-117.66762321474
-117.7517234345
-117.5343557893
-117.37577224595
-117.41231876623
-117.48705732118
-117.26255712148
-117.32250142537
-117.25566713111
-117.05265076391
-116.89046843397
-116.91101741355
-116.94103168568
-116.76485644135
-116.69449750208
-116.72033576132
-116.59264671711
-116.46003799987
-116.44497408428
-116.47435911133
-116.35902038169
-116.28826285099
-116.20529220209
-116.22111448454
-116.20712728704
-116.1425347566
-116.08615583999
-116.1490275645
-116.05348687197
-115.95212887753
-116.06299545083
-116.06564650389
-116.04138815268
-116.00638513637
-116.11627303689
-116.19153536462
-116.10833488807
-116.03443948754
-116.06641703046
-116.00394970651
-115.9460507855
-115.96738900599
-115.96393946059
-115.93528824833
-115.98112934911
-115.99502840254
-115.90352122158
-115.85327816326
-115.86565441758
-115.88796035977
-115.7969435855
-115.79750756664
-115.8478377513
-115.78567021057
-115.78373188004
-115.83429961172
-115.79310813171
-115.67319741492
-115.69524263407
-115.781725648
-115.74187217525
-115.74460316938
-115.8005410956
-115.78154065528
-115.7494120239
-115.73319160936
-115.72419075193
-115.69839311987
-115.62966819193
-115.66685203964
-115.77873701539
-115.74421168036
-115.69529337556
-115.76477766743
-115.74309177241
-115.62089645271
-115.63659176446
-115.710325384
-115.66771454454
-115.61014413521
-115.65319320379
-115.73281166568
-115.67283894995
-115.62903797735
-115.69402468764
-115.71968357156
-115.71192943208
-115.71870693621
-115.70226531639
-115.68950132571
-115.74922231043
-115.85349050206
-116.09061855562
-116.46106497972
-116.81208017525
-116.9998177681
-116.99376381573
-116.78475696392
-116.52485888326
-116.43738138707
-116.41130532893
-116.34407920788
-116.3102408865
-116.3158446195
-116.28739958386
-116.19330243402
-116.12554342396
-116.07540051238
-116.00205293704
-115.96651438695
-115.97682607906
-115.97058208799
-115.93197171423
-115.88431945011
-115.80721792019
-115.69950280639
-115.61233301568
-115.51995045305
-115.43314949187
-115.42515913753
-115.41080678282
-115.3059870701
-115.17989583282
-115.05443931513
-114.96822624304
-115.06087384726
-115.21770286
-115.25698703415
-115.25588088502
-115.23796088335
-115.24102899365
-115.32224496623
-115.46707939662
-115.62275240211
-115.72912878362
-115.74390886642
-115.63437948905
-115.42851462701
-115.22470533501
-115.09470702659
-115.02230031996
-114.95135818199
-114.84405028297
-114.70019826716
-114.57606781882
-114.58355294298
-114.64044112318
-114.640219759
-114.64466000705
-114.66326148801
-114.7008384406
-114.75100602451
-114.77758073509
-114.77306442825
-114.77794897904
-114.8523795027
-114.97555829852
-115.04614011102
-115.04622697519
-115.06090192117
-115.15416834353
-115.25936798777
-115.3130186359
-115.3605258477
-115.42178793433
-115.46662429959
-115.48946383707
-115.48777672261
-115.4911997597
-115.54480619528
-115.61015780645
-115.62485963437
-115.58344993885
-115.56427699304
-115.65173930308
-115.8076533296
-115.89251555583
-115.85152587267
-115.78319740801
-115.81654473356
-115.91281772396
-115.90837519015
-115.81101549505
-115.75685621969
-115.76216620054
-115.70792937498
-115.5507029729
-115.39831505727
-115.36175100436
-115.4024552394
-115.38231707617
-115.29712126242
-115.23108041785
-115.21706617307
-115.30024673354
-115.46048638783
-115.54959161025
-115.5198627409
-115.44973215779
-115.39543576515
-115.40367716004
-115.45465832674
-115.46518675971
-115.42896531748
-115.43369100718
-115.51306931672
-115.56728521908
-115.53131359917
-115.51962870869
-115.58899313853
-115.63982824271
-115.64925251201
-115.67813182171
-115.69631385126
-115.64529148765
-115.58644218849
-115.57484548504
-115.5819001683
-115.59877063107
-115.62289862103
-115.6543825642
-115.65484047354
-115.58620684737
-115.51273268557
-115.51551572576
-115.58807273289
-115.65242177476
-115.66965880946
-115.64735546108
-115.58839758215
-115.50782115738
-115.44560860797
-115.43967524337
-115.4939235366
-115.58946390512
-115.67603168036
-115.68712511951
-115.60096539658
-115.47458527516
-115.40901249006
-115.45192994826
-115.55191603192
-115.59996105322
-115.55130021546
