0.0
0.0
0.0
0.0
0.0
0.0
0.0
0.0
-1.4013140327185e-120
-3.6980765604099e-105
-4.6974917237762e-96
-3.2178455974333e-87
-5.7072818103041e-78
-3.8012143371067e-71
2.0373036393857e-65
4.8373071843042e-59
1.1245387340544001e-53
7.6335408553056e-49
1.9753534025607998e-44
2.263118232617e-40
1.2726031682374e-36
3.794704403421e-33
6.3742857553554e-30
6.3310332285611995e-27
3.8660170835739e-24
1.4976211382245001e-21
3.7726691536911e-19
6.5822407180456e-17
-7.172248513594201e-16
-4.0894860099499997e-14
-1.5766159982071998e-12
-3.8865675910385e-11
-5.893959669449301e-10
-5.0225658392974e-09
-1.7535172724178e-08
4.3927719016271e-08
5.3573636046153e-07
1.3679050956472e-06
9.8131696745268e-07
5.5315888026789e-07
2.6703880294476e-06
3.3599594727594e-06
4.5714652139508e-06
8.9829304257339e-06
1.2016778015842e-05
2.7136057528775e-05
4.5133957008475e-05
2.6385005256214e-05
-4.9568680964395e-05
-2.686730335238e-05
3.9372201597046e-05
-2.4560741039151e-05
-4.9007362412226e-06
1.6545742418659e-06
-7.1363396884092e-06
-1.0017029747428e-05
1.0787936080826e-05
2.9977609027794e-05
-5.644909464167e-06
-1.8295870595728e-05
1.3548454702405e-05
9.6094109612896e-06
-3.1004060821478e-05
8.4043509239122e-06
-1.3571352548733e-05
-2.5006209524342e-06
-5.0571456159739e-05
9.7789861282857e-06
-4.7943659630878e-05
-7.4569238324829e-05
-9.9900815223503e-05
-0.0003146786843874
-0.000442319295549
-0.0007669862537788
-0.0004692810851777
-0.0001957379731777
0.0006925904259287
0.0005518106695259
0.0003278929640369
1.9965227853056e-05
0.0002583636382667
0.0002024166768055
0.0002273220010571
-1.4293402902309e-08
-0.0010275951087561
-0.0006199717282607
-0.000991365782465
0.0016006587448715
-0.013054525723299
0.0073223999426701
0.026009084581537
0.0055834267710185
-0.01840681760261
0.026152309747793
-0.0037988579563456
0.007312640325594
0.012040214740523
0.0002644022852522
-0.0059205342013691
0.0090651659038279
-0.0077591462875899
-0.0002403428077674
-0.0054341755738841
0.001306529035165
-0.0004129958869038
-0.0001607914600614
-0.0022235006144038
0.0031428261924316
-0.0011167950504674
-0.0011194513194963
0.0012455906740204
-0.0013925901641243
0.0027634401854861
-0.0015978729645715
-0.0016557967177578
0.0038449289073591
-0.0021636554413369
-0.0001821551627077
0.0005042241195559
0.0013229554403994
-0.0010382864615782
-0.0005242427349707
0.0004341000079046
-3.813768976607e-05
0.0006321489332264
-0.0013134341515052
0.0010737270015502
-0.0006413121748947
9.8548765166776e-05
0.0009598717678098
-0.0015388285549445
0.0013523728974387
-0.0007511871672304
0.000224416131763
8.2263288008559e-05
1.5871833381058e-05
-0.0003333439197782
0.0004025825891943
-0.0005571322013683
0.0006080061990039
-0.0001968621293637
0.0002980074834169
-0.0005756682442914
0.0002705534162617
6.3659164520514e-05
5.2379754847489e-05
-0.000335158214873
2.1025707613643e-06
-5.1641867490724e-05
0.0001352528128243
0.0002590927806438
-0.0006044132046326
0.000574240235978
-0.0001850943045079
-0.0005383680864008
0.0009072711718316
-0.0005054409032924
-0.0003432714589041
0.0005508724335056
-4.3018241881273e-05
-0.0007109537761534
0.0005780812548478
-0.0005539286801308
0.0005102780972263
-0.0005378984353346
-0.0009217226284117
0.000399093343393
-1.0463206715177e-05
0.0001618498765344
-0.0005530861465321
0.000133264897479
0.0002508722944899
-2.6922518731618e-05
0.0001731280873877
-0.0001311322476957
-0.0002653486942598
0.0002350939799543
-0.000209100108612
1.5843199119342e-05
-0.0006215117522735
-0.0014803322786192
0.0020676052315091
0.0015342092479828
-0.0010386950065312
0.0008511127929628
-0.0003120221369301
3.3789577566988e-06
-0.0007295797535433
-1.4853033907806e-05
1.5599620310149e-05
-6.965959579073e-05
0.0001877777736891
-0.0002180115053465
0.0001889898286295
-6.6409303501107e-05
-6.5797752891697e-05
8.1384888353118e-05
-0.0001118061466844
1.8462474727329e-05
2.36832632857e-05
7.7581201828509e-06
-0.000145851699172
0.0001148203887925
3.1011006033949e-05
1.872345959307e-06
5.6416485905258e-05
-2.9934971795407e-05
0.0001036207028538
-4.4204727450179e-06
-0.000109553654551
-0.0001573805065081
0.0001044678148793
0.0002672979296894
-0.0002116325630514
-0.0001414708793674
7.7508634765145e-05
6.6267592871711e-05
-8.5561378326343e-05
0.0001819788947968
-0.0001497764148969
-0.0001122136283719
6.5184242173595e-05
-4.4930267466512e-05
0.0003359952875534
-6.0034160094708e-05
-0.0003230871364402
-6.4133642034063e-06
0.0002526998651003
0.0002572255924658
-0.0003944246797088
-0.0002950471621339
0.0004719554721108
-6.1069319568274e-06
-0.0003102609334889
0.0003513573746565
-1.8657313171107e-05
-0.0003550851979747
0.000182882930878
0.0001628318113579
-0.0003084421769874
