0.0
0.0
0.0
0.0
0.0
0.0
0.0
9.749496872633e-81
8.3070278970506e-72
-2.0727770942761e-62
2.4869772538825e-55
5.5293024569706e-49
7.1198483207925e-44
5.0841136008089e-40
-1.293586331856e-35
-4.3904940494129994e-32
1.6786867768922e-28
7.3987038452487e-25
1.0063093669975e-21
6.342075271867499e-19
-2.7613956740931998e-17
-6.6784340985664e-15
-5.5484131012128e-13
-2.5539504307329e-11
-6.541963986411701e-10
-9.2787507464813e-09
-7.2048396486188e-08
-3.0262356244988e-07
-6.9312164777334e-07
-9.5560840330923e-07
-1.1314831290455e-06
-1.5967436143694e-06
-2.1044114689522e-06
-3.0020058950211e-06
-4.5299249001774e-06
-7.2017330454869e-06
-1.3001805889091e-05
-1.963809226453e-05
-1.3948147377865e-05
1.2395121084547e-05
4.023649081651e-05
6.3212392706221e-05
9.1512808049266e-05
0.0001218861665713
0.0001526299821208
0.0001837431404052
0.0002144930041909
0.0002424002696655
0.0002658133202427
0.0002941426048408
0.0003288211755363
0.0003582522984958
0.0003915129750312
0.0004315011684225
0.0004913864891947
0.0005828106881555
0.0007185024798572
0.0007785220374665
0.0006133882727896
0.0002209305775137
-0.0001975111970186
-0.0004708043100723
-0.0005738963335963
-0.000473094124489
-0.000353612592857
-0.0010709033255345
0.0001612081030271
0.000209378998188
-0.0074627073990283
0.077745501058475
0.22863194736765
0.40079071986539
0.54319412769439
0.65327544123599
0.74120920894448
0.81573442324866
0.87948616116053
0.93385379455372
0.98255417144342
1.0231627268698
1.0588539775683
1.0905710615184
1.1166522673944
1.1394696846923
1.1597547219523
1.1782070883079
1.1936760569571
1.2086298153596
1.2229060342873
1.2355466228022
1.2463667371374
1.2577033899722
1.268756115436
1.2789912567846
1.2885663653197
1.2977876863224
1.3064214627689
1.3148906471133
1.3235471744542
1.3323156091192
1.3402137521825
1.3477659912258
1.3552332028202
1.3631875379752
1.3706262347136
1.3776868632844
1.3849906241492
1.3926239092896
1.4001488949334
1.4067730959974
1.4133644483306
1.420166751191
1.426132657388
1.4308231461751
1.4329892624736
1.4331791656498
1.4333356858882
1.4332414463445
1.4332216661461
1.4333303618083
1.4334452208055
1.4333724747048
1.4333434909384
1.4333949415716
1.4334182016863
1.4333483898837
1.4333875197053
1.4334321590655
1.4334088070215
1.4333890850683
1.4333878947818
1.4334586083009
1.4334537276012
1.4334120513845
1.433449972102
1.433475374422
1.4334285593756
1.4334087743416
1.4334051999589
1.4333502124766
1.4333222231958
1.4339312087365
1.4346225158419
1.4347622275025
1.43484561413
1.4353194052914
1.4364791537402
1.4374360015075
1.4375802180741
1.4381068666687
1.4389681560152
1.4394660653434
1.4399281950587
1.4409830246515
1.441867630992
1.4422550400332
1.4430876063295
1.4436207271311
1.4436382786932
1.4436213851182
1.4435684655389
1.4438373812065
1.4468471007865
1.4520863289628
1.4594249358873
1.4687015949094
1.4796715385235
1.4897885553481
1.4959936113401
1.4993945000539
1.5038807876604
1.5117531506223
1.5215274805319
1.5304409556851
1.5374818131441
1.5430941443025
1.5487505268583
1.5541212304644
1.5575203746576
1.558954344541
1.559152356806
1.5597082637146
1.5629242996713
1.5678172984878
1.5718872211644
1.573907211838
1.5746224166216
1.5749981750951
1.5760561488474
1.5785722010688
1.5825835087395
1.5882954457073
1.5965639345496
1.6091473998203
1.6263537771318
1.6475153525193
1.6724069122815
1.7003219787983
1.7319441048333
1.7675242937375
1.8006697711096
1.8241293143424
1.8401835725992
1.8529630621586
1.8626853246047
1.869940069154
1.8753192148698
1.879431800788
1.8823461207469
1.8828399444679
1.8827975401138
1.8827302395404
1.8827183941857
1.8827306996335
1.8827211223649
1.8827630737331
1.8827211814859
1.882643716928
1.8826447775199
1.8826039726229
1.8825240053136
1.8825798049102
1.8826999239777
1.8826964323574
1.8826913415984
1.8827120345385
1.8826835197277
1.8826846934097
1.8827113359274
1.8827194358765
1.8827435041354
1.8827527159517
1.8827615973283
1.8827877494991
1.8828000761992
1.8828075316461
1.88282203092
1.8828394835163
1.8828602697157
1.8828736703794
