0.0
0.0
0.0
0.0
0.0
0.0
0.0
5.1411173461891996e-123
4.4682650045008005e-113
-1.5699489298749e-104
-2.7154342572126997e-97
-3.9199640456145e-90
-4.8280372688176e-84
-1.0196207829006999e-78
-5.8740376414247e-74
-1.2168372125115e-69
-1.0852049142554e-65
-4.727161606087201e-62
-1.1075803656917e-58
-1.5113761654798001e-55
-1.2852566489332e-52
-7.2029159099251e-50
-2.77545837482e-47
-7.5651192738318e-45
-1.4826588120668e-42
-2.1020666493457e-40
-2.1408002817025e-38
-1.5064584502841002e-36
-6.1587320681701e-35
4.0774993756894e-34
2.9834311536726997e-31
2.8347817001512e-29
1.788995156959e-27
8.804971129420101e-26
3.5711995121932e-24
1.2236680579218e-22
3.5871032232385e-21
9.059344805760501e-20
1.9800035371781e-18
3.8684074010437e-17
-1.8897946776876002e-16
-4.0982566073613003e-16
-6.1830258394333e-15
-6.124653109025499e-14
-5.185818805853599e-13
-3.795169651513e-12
-2.4001948193603e-11
-1.3081185990938e-10
-6.1208539455576e-10
-2.4463604985892e-09
-8.2941489569672e-09
-2.3631296666577e-08
-5.5851625244718e-08
-1.075084595308e-07
-1.6408633195589e-07
-1.9088782779425e-07
-1.6134169883247e-07
-1.0632155867032e-07
-1.1823016979077e-07
-2.6762166643413e-07
-5.0900769024255e-07
-6.803300938654e-07
-6.1863513834553e-07
-4.1523352977151e-07
-5.7237109923916e-07
-1.3787011352582e-06
-2.0316766787273e-06
-1.7003728833224e-06
-1.5138197516298e-06
-2.9914158919439e-06
-5.032223818355e-06
-5.983071528722e-06
-6.6282277965322e-06
-7.5697186285275e-06
-7.149825337115e-06
-4.1036050512657e-06
4.8545350744716e-08
1.2064471913063e-06
-3.1274206832423e-06
-9.3204987954425e-06
-1.0909844494234e-05
-5.5560912168688e-06
1.3417436650037e-06
1.3391880407174e-06
-4.0268090091052e-06
-6.0968326124245e-06
-5.5791036700927e-06
-5.9184131389817e-06
-4.1810672930952e-06
-2.8311115894783e-06
-4.755021709524e-06
-3.9300713812308e-06
-2.3072699969081e-06
-8.4089407488177e-06
-1.3707352570837e-05
-5.9236779864262e-06
3.240235097899e-07
-7.6266234795109e-06
-8.5546153195802e-06
-4.3174842624668e-06
-1.6582625809434e-05
-1.7889268997735e-05
-3.1052977404907e-06
-9.0503250052336e-07
2.9019701158628e-08
-6.7727654388192e-06
-2.2288206902036e-06
3.071483344606e-05
2.5969238646866e-05
5.517939023481e-05
0.0001591397495585
0.0001882301390438
0.0001955426024033
0.0002324625544547
0.0002253924797897
0.00012417035772
-0.0001358458008434
-0.0001568576246062
-3.9439525252399e-05
-0.0002823348246064
-8.3160435194156e-05
0.0002823577079671
7.6603319222195e-05
0.0001544801422855
0.0001070703729442
8.8820567887184e-05
1.6598060026704e-05
-0.0004149992320311
-0.0001500312237274
-0.0006607988138513
-0.0012867165068133
-0.0005499489587256
-0.0003250309443463
0.0002545118686345
0.0010678468144557
0.0007984317867658
-0.0001858739712014
-0.0029439732603168
0.0009026140005921
0.0011838595055765
-0.0022036850254438
0.0084573541205437
-0.0093182247815616
0.0062522527563568
-0.0020449750913482
0.0054707975926865
-0.0061205870407827
0.0020616845247016
-0.000162450403409
0.0028639572464581
-0.0044467274840335
-0.0005320623102846
0.0049278905402253
-0.0032429420221059
-0.0013712773598598
0.001575582184988
0.0013818479117335
-0.0019763857101458
-0.0005380480268014
0.0014242015038075
0.0003656376235703
-0.0020861085924773
0.0010508393509681
0.0011680036827874
-0.0018385073686106
3.3539590015193e-05
0.0015112541189491
-0.0006807635435923
-0.0016767887503029
0.002190926407902
-0.0003240843938082
-0.0018566671888674
0.0018934020257228
-0.0006017873080993
-0.0006225451348708
0.0013780403897845
-0.0015102081206696
0.0012107683496976
-0.001098854323283
0.0007711494583297
-0.00069688027005
0.000787403584374
-0.0011530647250791
0.0017710192152242
-0.001925859911202
0.0012290262455763
-0.0002624263068984
-0.000153423240138
-0.0001317670912158
0.0004853830949171
-0.0007239523472398
0.000154220533788
0.000887692425649
-0.00139964814308
0.0010860906447577
-0.000544252822753
0.0005362023246536
-0.0005286787155439
-5.7853737372016e-06
0.0001179210869564
0.0001778281559004
-0.0003563467677057
0.0002872193181946
5.8363871213219e-05
-0.0003979679059432
0.0004499435993822
-0.0004437336710349
0.0003506044741383
-0.0003985893217182
0.0008859931599104
-0.0012944779737803
0.0010279604295129
-0.0003144836648843
-3.9718300390255e-05
-3.8864040747784e-05
5.0849296686498e-05
1.9145213322536e-05
-0.0002135388926319
0.0004451270209926
-0.0006553461841869
0.0006048830230887
-3.0084218601384e-05
-0.0003219667220656
-1.2936722745803e-05
0.000302646142088
-0.0002247681450822
0.0003170123078188
-0.0003328609602759
-0.0001465698876079
0.0004199627697035
-7.1611724766145e-05
-0.0004302133747506
0.0004772513955716
-0.0002824557563655
0.0002323561367932
-0.0003699038218066
9.1277922543335e-05
0.0005645530581078
-0.0003301790342898
-0.0002873974667929
9.2995205731203e-05
0.0005206307629264
-0.0004812167164187
-0.0002077621755322
0.0005572507700485
-3.1819050787197e-05
-0.0005766264129289
0.0003915924398592
5.1117508837728e-05
-0.0003089112837217
0.0002842707521391
-1.2545629950966e-05
-4.904255769783e-05
-0.0001069560261734
5.631856354787e-05
0.0001766438311857
-0.0001480129040401
-0.0001163809625127
7.8726953529228e-05
0.0002261008998047
-0.0002387242204044
-0.0001143224241052
0.000251918656354
2.1057043358745e-05
-0.0002437929816837
6.6574854501336e-05
0.0002947411143772
-0.0003434052076407
4.2472374633789e-05
0.0003036321904203
-0.0003509642564547
4.057627278e-05
0.0004230079747529
-0.000445491533093
-0.000307896963489
0.0006483255300887
-6.9813873958768e-05
-0.0005909289842714
0.0003924573670416
0.0003898203212142
-0.0004489316050769
-6.2239233843347e-05
0.0003934939022446
-5.4971469191638e-05
-0.0005677932488727
0.0002482961004693
0.0005540407050532
-0.0006608549142816
-2.4922472434976e-05
0.0005618657801335
-4.5771340978912e-05
-0.0005615693320756
0.0003968477945431
0.0001225985607783
-0.000334532853915
-1.714731353358e-05
0.0003387803676436
-0.0002168679570859
1.7961455066193e-07
3.1105025939484e-05
0.0001663955165662
-0.0002413918082823
-3.9802442698332e-05
2.8273024583467e-05
0.0002323949758649
-8.5144327581715e-05
-0.0002060427033096
0.0002429047096046
-1.7131890908264e-05
1.2388364120178e-05
-0.0002035823717037
0.0001854748491334
-2.0845943958188e-05
-0.0001542665045736
-4.2868647276888e-05
0.0003916384852681
-0.0001167682677614
-0.0002008291061386
-6.9430333601993e-06
0.0001726858790162
-0.0001025307281443
-5.1145379782791e-06
-7.1651332229776e-05
-1.5710940343493e-05
-0.0001711213353462
0.0002655452175733
-0.0003697116336617
0.0003024135530007
-0.0002189575975556
0.000292466292286
1.6555387616035e-06
-6.1615963096708e-05
0.0001703058886674
1.5185471904354e-06
2.3411035276248e-05
-2.0434649861043e-05
-1.0996870749755e-05
-4.2456084413161e-05
0.0002533473285071
-6.2150464566175e-06
-0.0002667836339687
6.1093110371307e-05
0.0001096794142077
4.8375516538612e-05
-0.0003233097832442
7.6678396890338e-05
6.5641634538903e-05
-7.8928161765021e-06
-8.0487889556836e-05
-2.8904239011265e-05
0.0001142064645855
-4.0226059924987e-05
1.4465013156067e-05
-0.0001155800499216
-1.8167369577245e-05
1.4285429430263e-05
-4.7074440798126e-06
4.1082043863689e-06
4.9616463264035e-05
2.0238761884673e-05
-6.3628365448385e-05
-0.0001581897972813
0.0001630773162045
0.0001358640652311
-0.0001874861170608
0.0001381998606637
4.6775422526046e-05
-0.0001100580240944
-4.8606289470187e-05
-0.0001127388118096
4.5944862078582e-06
9.0433064565925e-05
8.2692238859023e-05
-7.2236618287656e-05
-0.0001814419540392
-5.2136453927857e-06
0.0001995216683274
-7.0358783623976e-05
-0.0001080181100838
7.3920043088515e-05
0.0001910669524964
7.399063249552e-06
-8.0788408429056e-05
-0.0002235911687392
4.8677724241209e-05
0.00022602479816
6.5810613548541e-05
-0.0001806422888889
-6.104535376419e-05
2.4811722235282e-05
-0.000105108550275
-6.0565138908597e-05
4.2672226903761e-05
1.8321738665853e-05
-0.0001002313141423
9.0730136782696e-06
0.0003145343009387
0.0003405006455129
0.0002621211500445
0.0003357061560683
0.0001403157297356
-0.0004105462724168
-0.000582927001534
-0.0001974951087444
0.0002856693093932
0.0001631865570434
-0.0002540675358181
-0.0001782135278415
0.0001482670639775
7.2340326405885e-05
-4.4960233061116e-06
-0.000109433449656
-5.6591925611592e-06
7.7088250252522e-05
-7.0418385172825e-05
3.5628134629904e-05
3.222397265443e-05
-7.4191218506349e-05
2.029948304122e-05
-0.0001037055066726
0.0001661401747706
-0.0001714780311596
0.0001004896778144
-8.3570059156096e-05
6.5362400713628e-05
8.8295450002445e-05
5.7380494864176e-05
-0.000190450520868
-0.0001603965444031
0.0001415496997345
0.0002955606736702
2.4585490528576e-05
-0.0001083354056654
-0.0002330427383281
-8.6853532520139e-05
0.0002020145531191
0.0001805381303112
-2.2817141182991e-05
-0.0002437023635463
-9.0218286350485e-05
0.0002298769347227
0.0001134744071772
-0.0002366989947804
-9.8595486621264e-05
0.0002224631569715
0.0001915311875697
-0.0002433270380143
-0.0002273267220702
0.0001632238964163
0.0002312422191883
-0.0001144155700327
-0.0002046428569349
0.0001758938983
0.0002997651896474
-6.7239196162643e-05
-0.0004199071636519
-0.0002285558179699
0.000276884072598
0.0003612873691454
-4.5970857462872e-05
-0.0003063735420977
-0.000114492053622
0.0001168978133593
0.0001503386238598
0.00011547009473
5.9943670284338e-05
-8.5451925225267e-05
-0.0001825279153602
-0.0001016303391155
6.1710946987972e-05
0.0001033702828632
4.8888937264684e-05
2.8808214839354e-06
1.8424310885226e-05
2.1135494009245e-05
-0.0001021570305085
-0.0001728553560807
-4.3309363451985e-05
0.0001814761031554
0.0002309899143602
