70.0
70.0
70.0
70.0
70.0
70.0
70.0
70.0
70.0
70.0
70.0
70.0
70.0
70.0
70.0
70.0
70.0
70.0
70.0
70.0
70.0
70.0
70.0
70.0
70.0
70.0
70.0
70.0
70.0
70.0
70.0
70.0
70.0
70.0
70.0
70.0
70.0
70.0
70.0
70.0
70.0
70.0
70.0
70.0
70.0
70.0
70.0
70.0
70.0
70.0
70.0
70.0
70.0
70.0
70.0
70.0
70.0
70.0
70.0
70.0
70.0
70.0
70.0
70.0
70.000000000004
70.000000000029
70.000000000189
70.000000001121
70.000000006016
70.000000029227
70.000000128426
70.000000510107
70.000001830435
70.000005930402
70.000017340151
70.000045749285
70.000108953068
70.000234530696
70.000457656332
70.000813948312
70.001331029272
70.002027074349
70.002921981884
70.00405485146
70.005491718131
70.007316095039
70.009617564001
70.012500585591
70.016110156855
70.02064551129
70.026352632413
70.033531211681
70.042589905483
70.054124588612
70.068957216137
70.088098205543
70.112620299318
70.143413630373
70.180802737726
70.224161718698
70.271902217189
70.322134024211
70.373677680923
70.426587733039
70.481697786938
70.539585396293
70.599931487064
70.661965332197
70.725417323593
70.790626621336
70.857781580148
70.926647248212
70.997047222307
71.069091645913
71.142994227652
71.219116504732
71.298137964256
71.380911694205
71.468202289242
71.560390411817
71.657044662743
71.757301977782
71.861251707738
71.970132143433
72.084926119706
72.205912808418
72.333265951894
72.466910579994
72.606500777524
72.7522044059
72.904515057295
73.063400986953
73.229104415018
73.402723551325
73.584419068475
73.773595218882
73.971237819238
74.178605670885
74.395838612388
74.623909366505
74.863711230862
75.113472275912
75.370861363589
75.636127350599
75.907334469263
76.17334312586
76.419837613895
76.634082849796
76.79398850212
76.866596698785
76.818694486285
76.622740396726
76.265878755449
75.758478833746
75.137271392362
74.464414824471
73.807562090461
73.209896928857
72.69147614419
72.268077095807
71.923721517551
71.596051773795
71.231590720054
70.805752910133
70.311779105874
69.770205084545
69.234153257445
68.793556215284
68.532522723303
68.499151574033
68.772971335906
69.482500428224
70.458632309886
70.899847383176
69.767343922961
71.308773607179
81.502165479175
80.77937544289
78.065827047081
73.297314134187
69.073198755018
63.64975396096
63.753024147792
63.860665386631
64.364499090239
64.007464829838
64.170725913344
64.383209953902
64.486914062044
64.306785009701
64.413084608954
64.487383083435
64.497341754414
64.388575532967
64.343679173801
64.494808091715
64.417345729746
64.26725650803
64.315909893509
64.250517552262
64.103555762612
64.081856899335
63.983144763527
63.900459382095
63.860734679295
63.786957130449
63.696222328902
63.644659328484
63.587836594095
63.449806597058
63.372945939228
63.309439870057
63.337775539253
63.208604978399
63.011728079055
63.029099220828
62.971930691248
62.839878173326
62.850979672691
62.798979103355
62.693705081453
62.615510357437
62.620812425838
62.446347923207
62.38173539942
62.365387130927
62.372490159397
62.238514160292
62.144577457863
62.178356777968
62.109333104047
62.023457897212
62.008537845274
61.987259611002
61.878523133825
61.882113615531
61.775502187738
61.819654803114
61.705536789385
61.622280429122
61.641467352273
61.680705093622
61.562842488776
61.59431324832
61.559225243831
61.452641651052
61.367495927833
61.378284142116
61.39404163498
61.301549631709
61.264611188594
61.278176274695
61.21113952648
61.141519949933
61.133611394247
61.14903853345
61.088485700388
61.051337996772
61.007778406097
61.016085104384
61.008741825698
60.974830747216
60.945231815994
60.97823947136
60.928080607783
60.874867660701
60.933072611687
60.934464414542
60.921728780159
60.903352196592
60.96104334437
61.000556066423
60.956875816237
60.918080730961
60.93486894099
60.902073595917
60.871676662389
60.882879228143
60.88106821681
60.866026330373
60.890092908281
60.897389911333
60.84934864133
60.822971035712
60.829468569232
60.841179188882
60.793395382387
60.793691472487
60.820114819431
60.787476860549
60.786459237023
60.813007296152
60.791381769146
60.728428642832
60.740002382888
60.785405965202
60.764482892008
60.765916663925
60.79528407519
60.785308844021
60.76844131255
60.759925594913
60.755200144763
60.741656387934
60.705575800765
60.725097320813
60.783836933081
60.765711132191
60.74002902217
60.776508275399
60.765123180517
60.700970637671
60.709210676341
60.747920826599
60.725550135886
60.695325670984
60.717926431991
60.759726124483
60.728240448723
60.705244938109
60.739362961013
60.752833875071
60.74876295184
60.75232114151
60.743689291104
60.736988195996
60.768341712977
60.823082513582
60.947574741702
61.142059114352
61.326342092008
61.424904328254
61.421726003256
61.311997406057
61.175550913712
61.129625228213
61.115935297688
61.080641584137
61.06287646541
61.065818425238
61.050884781528
61.001483777859
60.965910297577
60.939585268998
60.901077791946
60.88242005315
60.887833691506
60.884555596194
60.864285149971
60.839267711306
60.798789408102
60.742238973354
60.696474833232
60.64797398785
60.60240348323
60.598208547205
60.590673560982
60.535643211803
60.46944531223
60.403580640442
60.358318777596
60.406958769811
60.4892940015
60.509918192929
60.509337464635
60.499929463759
60.501540221664
60.544178607271
60.620216683224
60.701945011109
60.757792611399
60.765552154871
60.708049231749
60.599970179181
60.492970300881
60.42472118896
60.38670766798
60.349463045542
60.293126398561
60.217604090261
60.15243560488
60.156365295063
60.158447580801
60.10538023687
60.085362492498
60.067022125361
60.033358179454
59.998609947921
59.988858049267
59.978869385531
59.912718713679
59.836403571855
59.804186227781
59.837766460051
59.914239354748
59.926278071615
59.821938760147
59.654089750948
59.525585874573
59.525177444823
59.649517942986
59.7630015377
59.732464276346
59.619174881585
59.54579971754
59.518415146856
59.472583020363
59.394692758348
59.308905562123
59.22587819514
59.176112438441
59.183462014504
59.216308146294
59.244661194629
59.256579883583
59.233347166943
59.195425292527
59.184566812203
59.204878618426
59.216355057221
59.177583132125
59.121193104648
59.11207116108
59.137657076638
59.14834955523
59.132294168918
59.09048096833
59.06624603504
59.08465743295
59.096598674133
59.06651309848
59.037089076833
59.080737349666
59.197575030672
59.305886577991
59.331135802316
59.249921390542
59.093667843808
58.936677969735
58.879851461814
59.006527721632
59.24937129049
59.407167624108
59.386389762983
59.284248682478
59.200392138095
59.157410918854
59.165122682492
59.194637204494
59.161723212496
59.043161959902
58.926869170587
58.897215852763
58.942169858912
58.987730374115
58.983491876245
58.960782328562
58.963739991404
58.993851710402
59.041565148329
59.072850534518
59.041253406399
58.945249963014
58.862753505033
58.868812541152
58.938299217196
58.988503371954
58.982945559759
58.942008443197
58.891734180064
58.865875359196
58.881003480266
58.919771318043
58.943491357472
58.922484288647
58.877219778595
58.850193944375
58.853454313344
58.860099452318
58.840089639998
