-120.0
-120.0
-120.0
-120.0
-120.0
-120.0
-120.0
-120.0
-120.0
-120.0
-120.0
-120.0
-120.0
-120.0
-120.0
-120.0
-120.0
-120.0
-120.0
-120.0
-120.0
-120.0
-120.0
-120.0
-120.0
-120.0
-120.0
-120.0
-120.0
-120.0
-120.0
-120.0
-120.0
-120.0
-120.0
-120.0
-120.0
-120.0
-120.0
-120.0
-120.0
-120.0
-120.0
-120.0
-120.0
-120.0
-120.0
-120.0
-120.0
-120.0
-120.0
-120.0
-120.0
-120.0
-120.0
-120.0
-120.0
-120.0
-120.0
-120.0
-120.0
-120.0
-120.0
-120.0
-120.0
-120.0
-120.0
-120.0
-120.0
-120.0
-120.0
-120.0
-120.0
-120.0
-120.0
-120.0
-120.0
-120.0
-120.0
-120.0
-120.0
-120.0
-120.0
-120.0
-120.0
-120.0
-120.0
-120.0
-120.0
-120.0
-120.00000000001
-120.00000000006
-120.00000000024
-120.00000000083
-120.0000000027
-120.00000000809
-120.00000002241
-120.00000005747
-120.00000013632
-120.00000029729
-120.00000058633
-120.00000100868
-120.000001394
-120.000001169
-119.99999922824
-119.99999443723
-119.99998733108
-119.99998235475
-119.99998747222
-120.00000731999
-120.00003256428
-120.00003972889
-120.00001461675
-119.99998223735
-119.99999448846
-120.00006078225
-120.00010448949
-120.00004394216
-119.99992764922
-119.99991067561
-120.00005175755
-120.00023386833
-120.00037484102
-120.00059020902
-120.00098171948
-120.00136947686
-120.00145056046
-120.00118622185
-120.00086198207
-120.00077386
-120.00092399236
-120.00098553271
-120.00060606132
-119.99990215024
-119.99962116877
-120.00047105488
-120.00201403285
-120.00259742437
-120.00115499082
-119.99890592765
-119.99813168201
-119.99933546026
-120.00101464815
-120.00200562293
-120.00219857452
-120.0013104747
-119.99935445785
-119.99805308498
-119.99918248134
-120.00183119063
-120.00360844773
-120.00355795427
-120.00200935125
-119.99963386179
-119.99815385298
-119.99929564447
-120.00205987947
-120.00347952006
-120.00223925488
-119.99974242552
-119.99805810034
-119.99792693506
-119.99840285163
-119.99831424418
-119.99816948924
-119.99953379401
-120.00207897173
-120.00327435882
-120.00272340533
-120.00437008656
-120.01163451779
-120.02429649555
-120.0427005491
-120.06742527989
-120.0932251412
-120.11233981163
-120.12230080585
-120.12481122739
-120.12355177567
-120.125474809
-120.13619751503
-120.15408540289
-120.17543657956
-120.20116845835
-120.23152803177
-120.26063452098
-120.27538639131
-120.25853340267
-120.21464755178
-120.17884819224
-120.16448129523
-120.14456613866
-120.11314755439
-120.09462899278
-120.08299917639
-120.05367705338
-120.01709700938
-119.9847322233
-119.94221527841
-119.90026438602
-119.87817866225
-119.8542724637
-119.80906921295
-119.75266832028
-119.69767003981
-119.64837270851
-119.59028697775
-119.51616323382
-119.44938598004
-119.39032440197
-119.32787022566
-119.28284793224
-119.2403939818
-119.17235764348
-119.11549839142
-119.07538541737
-119.01697407717
-118.97910145216
-119.00591375239
-119.06357257341
-119.11298928892
-119.1827815336
-119.29596282618
-119.41643104487
-119.58377540109
-119.77430660482
-119.83480673687
-119.91473931578
-120.23885558616
-120.47957143057
-120.2014336426
-120.98735617351
-121.05040398086
-120.46376506956
-121.47686063381
-121.55253371774
-121.05840669895
-121.66704816261
-121.626395528
-121.79227943643
-121.90978260712
-122.0896347723
-122.08967399088
-122.13684746058
-122.08544218312
-122.41673435318
-122.0279209269
-122.1865050335
-122.47528843318
-122.39756723963
-122.42930274134
-122.2294682649
-122.43274622737
-122.38109149832
-122.37076481035
-122.23646051634
-122.35619763098
-122.29948849387
-122.18022238224
-122.10155032572
-122.18687018949
-122.23797266226
-121.93733477239
-121.98622584875
-122.03388974703
-121.92662985209
-121.9840695233
-121.82798405466
-121.77523763877
-121.77919580154
-121.49190571161
-121.43335349936
-121.4803931153
-121.39961431636
-121.31059046247
-121.27923885691
-121.25483211937
-121.13291713513
-120.95638779832
-121.06655506774
-120.91808249383
-120.69776025698
-120.78487852495
-120.53279081301
-120.41958623513
-120.6233159946
-120.41670628957
-120.16839593691
-120.32314011664
-120.198915519
-120.1159951388
-120.0744992362
-119.96625776582
-119.9334511411
-119.87029094073
-119.78414881494
-119.73590440631
-119.65101091138
-119.56632310378
-119.54597101487
-119.47293345685
-119.40418738154
-119.3879969735
-119.28927218347
-119.16468390348
-119.19923232094
-119.22260819016
-119.17832231196
-119.20217920347
-119.19235824666
-119.14606032515
-119.10811784913
-119.12167487598
-119.16670092794
-119.17392325557
-119.37426117196
-119.75902409487
-120.17626157331
-120.6084203953
-120.90481496947
-120.88267282066
-120.80166336247
-121.02236081501
-121.06005954331
-121.076235648
-121.18747290433
-121.22268111885
-121.24886368539
-121.27125799104
-121.40072106226
-121.46820687413
-121.38561315706
-121.40840386839
-121.58066399461
-121.64810749382
-121.59972850781
-121.76357406892
-121.99021324464
-122.04174349515
-122.07842476674
-122.24519362667
-122.40172353859
-122.42637537101
-122.50023580869
-122.60896337428
-122.61848622005
-122.6358120112
-122.62030759687
-122.52425536594
-122.50773431465
-122.54373753041
-122.49337779306
-122.35447838612
-122.23994572111
-122.27222379216
-122.27018957942
-122.11371416866
-122.03134841259
-122.0831894967
-122.0716656113
-122.07389015667
-122.02976548276
-121.85889146596
-121.89508844797
-122.04390155674
-122.02915568139
-121.94172139309
-121.86748460988
-121.84364771336
-121.89423995088
-121.95637791954
-122.0097634143
-121.98852138038
-121.92359866656
-121.93797395081
-122.02180421022
-122.0678516732
-122.07137434966
-122.0764024932
-122.09150882488
-122.07257543226
-122.06333786851
-122.1409678188
-122.1767445949
-122.12590415556
-122.07196912197
-122.04214815631
-122.01430014516
-121.96300744403
-121.95917256841
-122.01849958025
-122.05373780944
-122.05120067722
-121.98843568311
-121.85271694979
-121.696068228
-121.53026363428
-121.39862510395
-121.37879407111
-121.42936272014
-121.45787284566
-121.3727777651
-121.19843626745
-121.12396807735
-121.24167012559
-121.41292930969
-121.4806006675
-121.38552919138
-121.20052599879
-121.11650175357
-121.1661213349
-121.28249065199
-121.32815403042
-121.3079163205
-121.26328182139
-121.22909303334
-121.23887342983
-121.32106018545
-121.34322212204
-121.24300871776
-121.0636279425
-120.9821229311
-121.01310407702
-121.17407919967
-121.38120644049
-121.55302362804
-121.69096276284
-121.76386697714
-121.7673684266
-121.73384591496
-121.70571002162
-121.72891625819
-121.74194256702
-121.82012675915
-121.93185455306
-121.97844399848
-121.9723221615
-122.0241918367
-122.12936484286
-122.22493630167
-122.27668534169
-122.29773930921
-122.33542250785
-122.40951791242
-122.38501438113
-122.24715585389
-122.06172504936
-121.92238536631
-121.81598380899
-121.68724494269
-121.59386669213
-121.61827691722
-121.73089872648
-121.85847323559
-121.92073124762
-121.88792581393
-121.80596330121
-121.7337266376
-121.69366390722
-121.69134157559
-121.71810059996
-121.74046915346
-121.72109379426
-121.64761365038
-121.56471396241
-121.5051445877
-121.50077129162
-121.54772835927
-121.6213867076
-121.66570591422
-121.63168333029
-121.54909293368
-121.48583811821
-121.51607019254
-121.62844363395
-121.74246396681
-121.80881363955
-121.80358554658
-121.7279120986
-121.63044703217
