0.0
0.0
0.0
0.0
0.0
0.0
0.0
0.0
0.0
0.0
-1.8573617273754002e-153
4.3881798971154e-140
1.3692223723285e-128
2.7828777877954e-119
3.5598890452113e-111
6.6619169423314e-104
2.9293830931478e-97
3.9934839479725e-91
1.9984735864233e-85
4.137187487376e-80
3.9068923686231003e-75
1.8320236998003998e-70
4.5948895166373e-66
6.5754436981747e-62
5.6745312339585e-58
3.0936011569668e-54
1.1067471225362e-50
2.6789584699601004e-47
4.496358278503599e-44
5.337923932786699e-41
4.5568126669764e-38
2.8363849844794e-35
1.3025962605665e-32
4.4579400717026e-30
1.1465229922468999e-27
2.2314376591950003e-25
3.3053383928036e-23
3.7416320483774e-21
3.2185099930285e-19
1.3671967529186999e-17
-1.2453449445116001e-16
-5.1979406753068e-15
-1.441912550931e-13
-3.0318506681147e-12
-4.8195243493139e-11
-5.7446660699779e-10
-5.0796085484599e-09
-3.2882150255676e-08
-1.5347429580798e-07
-5.0897961639018e-07
-1.1945711079023e-06
-2.0603984239146e-06
-2.9923574236886e-06
-4.4209892181182e-06
-6.8172220706019e-06
-1.045840994077e-05
-1.6353790608713e-05
-2.608970925464e-05
-4.1384912537146e-05
-6.0671821828166e-05
-7.1940759856475e-05
-6.0499224054758e-05
-3.5465148890388e-05
-2.1090506815491e-05
-1.1824675396074e-05
3.9643459326512e-06
1.5911708408607e-05
2.6060361483318e-05
3.6021782527948e-05
3.701193664786e-05
3.0790469813349e-05
2.9108791711181e-05
3.4019894848541e-05
3.7741489576119e-05
3.8890457290194e-05
4.270286964809e-05
4.7859147959331e-05
5.1283072693386e-05
5.5050397902165e-05
5.8905207833074e-05
6.3648349991057e-05
6.9244195467905e-05
7.4429425234605e-05
7.7355113945375e-05
8.1955910108639e-05
9.0559355290115e-05
0.000101199297562
0.0001064783987466
0.0001118993772394
0.0001204268194361
0.0001334544611023
0.0001583091661676
0.0002034185240078
0.0002818656229545
0.0003910040852237
0.0005231198229726
0.0006093496619584
0.0005716888750578
0.0003768799170816
0.0001065150753923
-0.0001042064119232
-0.0001743045409214
-0.0001803745483745
-0.0002030307518589
-0.0002537012976245
-0.0002388380702764
-6.8405969554587e-05
0.000228770810295
0.0004772016020036
0.0004616898230102
0.0002060897006454
-0.0001187852135331
-0.0003466289844295
-0.0007520980216986
-0.0010236289069617
-0.001148912880975
-0.010041151152911
0.096891301958619
0.33401211290113
0.55625968793188
0.724749349506
0.86826280365083
0.9963642076176
1.1143444353733
1.2226304533886
1.3235460413902
1.4178449162889
1.5051627855806
1.587090022867
1.6658450360972
1.7407556359473
1.8094485823115
1.8749692833043
1.9371748288152
1.9948308419569
2.0488546977361
2.0976903570226
2.1402472555162
2.1786648395815
2.2153194223828
2.2512786700972
2.28573690975
2.3175968615589
2.3481007962056
2.3776800999551
2.4055402895143
2.4325324722602
2.4558269694159
2.4633316069366
2.4636616469583
2.4633677402373
2.463117674425
2.4631412095919
2.4629197788991
2.4615594669819
2.4649827042248
2.474475276604
2.4794958474803
2.4804011248265
2.4804369605346
2.4804512906833
2.4805339921901
2.4805587307382
2.480614085331
2.4806483633065
2.4806775192224
2.4807294918557
2.4807565923007
2.480770538667
2.4808082672847
2.4808713215678
2.482972213331
2.4912245090601
2.5032076438382
2.5142408610134
2.5231276136734
2.5313031690393
2.5397547330691
2.547709888107
2.5542442753829
2.5611291773504
2.568602221285
2.5750481103676
2.5811890849692
2.5888534837122
2.5976160501227
2.6087110271854
2.6209719070405
2.632881441952
2.6447338779204
2.6560363377769
2.6669534866921
2.6776399489812
2.6859096900674
2.6924336622506
2.6989081277234
2.7040991165182
2.7075388645575
2.7096317861665
2.7103750034641
2.7104180275086
2.710063452138
2.7098193239552
2.7123144771987
2.71519117892
2.7172738183377
2.7226443328199
2.7302132580764
2.7353850020828
2.7401738195654
2.7469704787942
2.7553594171314
2.7633643209053
2.7696019184647
2.7755476125636
2.7804745477365
2.7834720613792
2.7863496204713
2.7906130648236
2.7954508033496
2.7989029893328
2.7999887516428
2.8004276086288
2.8005076150982
2.8006153760131
2.8007694551967
2.8007905153587
2.8006268442178
2.8004878533351
2.8004537758481
2.8004696601845
2.8005251760983
2.8005503414406
2.8004564099785
2.8003009318029
2.8003562511271
2.800497800734
2.8004563791189
2.8003142000497
2.8003084807245
