-120.0
-120.0
-120.0
-120.0
-120.0
-120.0
-120.0
-120.0
-120.0
-120.0
-120.0
-120.0
-120.0
-120.0
-120.0
-120.0
-120.0
-120.0
-120.0
-120.0
-120.0
-120.0
-120.0
-120.0
-120.0
-120.0
-120.0
-120.0
-120.0
-120.0
-120.0
-120.0
-120.0
-120.0
-120.0
-120.0
-120.0
-120.0
-120.0
-120.0
-120.0
-120.0
-120.0
-120.0
-120.0
-120.0
-119.99999999998
-119.99999999984
-119.99999999882
-119.99999999271
-119.99999996189
-119.99999983171
-119.99999937547
-119.99999806463
-119.99999503172
-119.99998950165
-119.99998162366
-119.99997203757
-119.99995823857
-119.99993262131
-119.99989556199
-119.99987759435
-119.9999167719
-119.9999684125
-119.99989490514
-119.99968303912
-119.99958931043
-119.99976589498
-119.99985598498
-119.99949632822
-119.99902791521
-119.99893670533
-119.99895669492
-119.99859060884
-119.99796136803
-119.99757381876
-119.9977987637
-119.99848700977
-119.99890772481
-119.99860511225
-119.99766482852
-119.99625019089
-119.99540941264
-119.9964507004
-119.9977428993
-119.99592420291
-119.99185766881
-119.99066889354
-119.99389852964
-119.99679718353
-119.99646367507
-119.99535213086
-119.99356395957
-119.98913927423
-119.98608191962
-119.9881302356
-119.99060436397
-119.98941791661
-119.98689425014
-119.98454361701
-119.98192616591
-119.98101363228
-119.98251501852
-119.9832833515
-119.98152451348
-119.97596398322
-119.96721991213
-119.96332174605
-119.96611277072
-119.96810187988
-119.96576774761
-119.95587423107
-119.94519026962
-119.94354872352
-119.93923467478
-119.93436009199
-119.94570824386
-119.96462031172
-119.97878351409
-119.98635855923
-119.98875620315
-119.97637941727
-119.95259116098
-119.95466289395
-119.97720406015
-120.01406697392
-120.06673424624
-120.082996595
-120.06698885986
-120.00571753254
-119.8426880165
-119.58569998928
-119.27690336942
-119.26497563811
-119.61994715224
-120.35649102211
-120.69420946221
-120.60130517586
-121.81941220861
-122.06645298747
-122.45705694652
-122.74911901393
-123.19861885407
-123.21665788054
-123.54469275497
-122.55419041066
-122.65495855264
-122.03478255125
-121.62492274369
-121.81999083219
-121.37460640056
-120.93514459633
-120.84957939078
-120.09695258336
-120.03880263003
-119.28847400179
-119.07118612423
-118.8520412556
-118.54573955731
-118.0736769758
-118.208932066
-117.29590976438
-117.35500454203
-117.26697325406
-116.77363506736
-116.56657011013
-116.34726424463
-116.00205036964
-115.96473422839
-115.69829974691
-115.76952047489
-115.58537855498
-115.16060510794
-115.10494641396
-115.16356090393
-114.87798127874
-114.80490535761
-114.75350404583
-114.47982309641
-114.43693900294
-114.44706124436
-114.27483398637
-114.2773592079
-114.29823115276
-114.10610725567
-114.14228550141
-114.03204600687
-113.79559726551
-113.93100130977
-113.88009020403
-113.72604387473
-113.85901549516
-113.93489046381
-113.78986176283
-113.70525462378
-113.74263289953
-113.66313382548
-113.45708163312
-113.52478293141
-113.61442813815
-113.58551680027
-113.50173572346
-113.59557414163
-113.604848139
-113.54482922103
-113.42494444082
-113.5143421073
-113.61099832024
-113.32883444229
-113.40977231048
-113.56366931084
-113.47634628226
-113.45125825719
-113.56893044159
-113.4420817676
-113.45038435374
-113.43217227011
-113.41147135629
-113.4437967036
-113.46926027402
-113.46513731725
-113.55027904484
-113.56652195235
-113.41319282799
-113.4790295565
-113.52437156084
-113.47464890819
-113.42256111396
-113.49451381489
-113.51536927043
-113.3869397201
-113.41459630572
-113.45723153018
-113.42796891802
-113.41835250041
-113.44996561705
-113.55848938063
-113.56650550771
-113.55949174727
-113.71369986292
-113.77690297306
-113.74167815427
-113.79183672225
-113.84944921602
-113.82542345652
-113.8778383198
-113.9239115675
-113.84002978374
-113.85277076857
-113.87309739165
-113.97296555438
-113.97038700914
-113.93545137206
-113.99201655717
-114.04199526563
-114.04115982071
-114.08044429442
-114.12622531956
-114.07239890426
-114.08036549014
-114.06034035457
-114.10760741595
-114.23483832821
-114.2627459281
-114.21929712629
-114.19775542014
-114.20597264607
-114.24481356919
-114.23624554136
-114.23213835955
-114.35142488668
-114.38185939823
-114.32829758375
-114.36499366391
-114.42315036658
-114.37849121191
-114.37741172585
-114.41849075021
-114.39718775649
-114.38221539052
-114.45647493591
-114.50830532397
-114.46320825019
-114.46783851919
-114.55354460205
-114.56658490104
-114.55528812228
-114.66448777433
-114.65032090332
-114.53059584468
-114.52936379304
-114.59589551914
-114.67592564968
-114.69033509306
-114.68401062992
-114.72636982063
-114.69376878065
-114.68776437448
-114.78853091233
-114.78340938724
-114.73695784491
-114.80073281456
-114.82363608354
-114.78481029162
-114.75675767761
-114.82380768522
-114.90162346501
-114.88354050929
-114.90828474672
-114.95526686492
-114.91165232783
-114.86061705918
-114.90599372658
-114.94782280342
-114.93118357109
-114.92493230585
-114.97757606908
-114.99272210499
-114.95290265153
-114.94760123393
-114.97923656422
-114.99616793968
-115.0003322926
-115.03469285621
-115.08266284975
-115.16345726085
-115.23619673312
-115.21766173098
-115.22385740272
-115.26909704873
-115.23843914751
-115.21230931474
-115.25723435071
-115.29049533891
-115.30176066597
-115.27862806728
-115.23951740382
-115.21443492896
-115.18211239
-115.13751463389
-115.07012672414
-115.02541213314
-115.04738646626
-115.0804468431
-115.07243468548
-115.01220661017
-114.85070373985
-114.57340190034
-114.26816138072
-114.02576094349
-113.94613938183
-113.96102241096
-113.94837688748
-113.91185951151
-113.88547402817
-113.84385084234
-113.82815853904
-113.81799066102
-113.77234099965
-113.72008383252
-113.66046649482
-113.58570051651
-113.46415316998
-113.30041049293
-113.15050758903
-113.08660330263
-113.0231698143
-112.92908504381
-112.899848876
-112.88645432922
-112.8746004358
-112.88443666568
-112.93000623416
-113.00386147268
-113.04329693372
-112.9864771145
-112.89215861862
-112.84944365678
-112.87638471326
-112.93205957906
-112.96348218608
-112.97492948884
-112.93958467911
-112.89160222787
-112.89698090185
-112.94228160836
-112.92386800345
-112.86980945573
-112.81972430276
-112.74638761737
-112.66402063872
-112.60074284198
-112.53448964588
-112.45340371851
-112.34016277012
-112.20883012545
-112.06958938089
-111.93984172966
-111.84921368732
-111.78876023555
-111.76975118384
-111.84596222614
-112.02274523837
-112.23800070205
-112.43065366748
-112.56201871408
-112.62091376207
-112.65886828229
-112.70381849334
-112.76724753892
-112.84159895787
-112.94565507217
-113.06435958266
-113.1080241512
-113.09957006445
-113.15611162383
-113.27432627235
-113.34519110799
-113.38456574722
-113.40358168472
-113.43362846741
-113.47766588216
-113.49764367252
-113.5374060084
-113.60009158909
-113.63938943987
-113.62762495547
-113.60526834571
-113.60788952688
-113.60551674584
-113.59189989151
-113.56266071126
-113.49172585875
-113.42430213848
-113.3830457519
-113.36839088737
-113.39663636388
-113.44028685255
-113.44091629853
-113.41333279934
-113.43069505537
-113.49940367613
-113.54873080559
-113.55032424552
-113.49871132101
-113.42438733086
-113.39155244772
-113.3992881148
-113.37611689671
-113.28847630162
-113.21085176585
-113.22095549234
-113.30916145229
-113.39002243942
-113.40770657924
-113.35760624066
-113.30449932242
-113.28305776105
-113.25273439939
-113.18152238672
-113.1095237325
-113.08420170553
-113.10809766785
-113.14396387813
-113.15584848034
-113.13507087782
-113.1143694335
-113.10984756586
-113.12326390565
-113.15284982217
-113.17635832324
-113.17956464653
-113.1889088726
-113.20233139563
-113.19675931418
-113.17307839533
-113.13879308758
-113.10744573912
-113.08265195633
-113.06237543097
