0.0
0.0
0.0
0.0
0.0
0.0
0.0
7.577832568157499e-130
5.4319227795896e-119
2.7102587995268003e-111
-9.952243354232099e-104
2.516590005142e-96
1.1622335473710001e-90
-3.3237733273590997e-84
-8.234146372783199e-79
-4.7044343556879996e-74
-9.437340657051499e-70
-8.2674330973188e-66
-3.6666479496492e-62
-9.0806710074447e-59
-1.3327414516084e-55
-1.2047142145943e-52
-6.924096106123699e-50
-2.6092920772111e-47
-6.6421048615775e-45
-1.1742526710587e-42
-1.4779517810165e-40
-1.3530601591852e-38
-9.173685347389799e-37
-4.6726048647395e-35
-1.8042433757457e-33
-5.2515703838111e-32
-1.0658597222437e-30
-5.9134535895402996e-30
8.6533738731554e-28
6.360259406149201e-26
3.0203146593147e-24
1.1163174977602001e-22
3.3726471745461e-21
8.7509225034102e-20
1.9713739053178e-18
3.4898602972308e-17
2.6231038706096e-16
-5.2582175995194e-16
-5.7718935624386e-15
-5.0959431006467996e-14
-4.1992298528056996e-13
-3.1547677284276997e-12
-2.1479953586879e-11
-1.3132794976457002e-10
-7.1271042201033e-10
-3.3927042919159e-09
-1.4006996726945e-08
-4.9607143742749e-08
-1.4898979595559e-07
-3.7452012653306e-07
-7.7545017336436e-07
-1.2972314670779e-06
-1.7215278149885e-06
-1.8294372902092e-06
-1.7803563508126e-06
-2.132931852692e-06
-3.0060508382878e-06
-3.4772091181587e-06
-3.0459199233994e-06
-3.4605397521633e-06
-6.4147860388162e-06
-9.4891484273776e-06
-9.2821889058959e-06
-8.5098301799465e-06
-1.2466496364672e-05
-1.9677445493927e-05
-2.5740309833758e-05
-3.2555931152651e-05
-4.4747661196026e-05
-6.2855418607585e-05
-8.0996016190144e-05
-8.466732124371e-05
-6.1961800416111e-05
-2.0233544678197e-05
2.0412716850667e-05
3.839737778814e-05
1.9535691766951e-05
-1.3235609794996e-05
-9.3193750760025e-06
3.0279899270427e-05
4.0700018946046e-05
4.8526610683874e-07
-2.589891624511e-05
-4.0659714806173e-06
1.0760041718149e-05
-4.6144487997921e-07
1.4380517855157e-05
3.0194170234631e-05
-1.7731898541094e-05
-6.9311396335907e-05
-5.4237001548212e-05
-2.6652438784704e-05
-2.7712590518989e-05
-3.120388128095e-05
-4.5918706052236e-05
-9.0590248093562e-05
-0.0001294068629445
-0.0001318287863679
-0.0001185553281444
-9.9862862258042e-05
-8.3292275179195e-05
-0.0001026158133494
-9.908382731786e-05
3.2410855412978e-05
0.000296717639771
0.0007041717930717
0.0013356905199093
0.0023003903498394
0.0035506681662131
0.0047087170127963
0.0054015243589117
0.0052468515481501
0.003791771741797
0.0013444497205445
-0.0013364661041277
-0.0038192880075134
-0.0053062656884225
-0.0052246683342815
-0.0042872137093393
-0.0032916395191073
-0.0020114312177568
0.0003455312844208
0.0020669132585457
-0.0024737631137233
-0.0080195636885202
0.014281379454394
0.038972700458224
-0.103033708151
-0.2911481601986
0.43298311462929
2.276359990849
3.7550536048164
4.2997262742663
4.3920509137161
4.0608365403052
3.4482607183742
3.1655696143345
3.122049149282
2.9380717487627
2.8835737140418
2.701480324213
2.8431215302928
2.5170391652011
2.4190523917352
2.5125803768836
2.3348462453535
2.2283497019165
2.2381323264188
2.1850078203964
2.1048037986008
2.0531534951423
2.0213342078653
2.027326988379
1.8641064542673
1.8656100088434
1.906082028407
1.6807299799038
1.6856772203839
1.7253002545553
1.5848382078965
1.5854469664117
1.5622409172523
1.5546249874545
1.5547284672376
1.4474327003777
1.4297995285924
1.4511509461117
1.3912899661191
1.3291528296108
1.3863368282131
1.3557761044572
1.3343712330171
1.3301897382263
1.3093322919826
1.3200478099964
1.2581809216339
1.2414163484294
1.2459336099832
1.2104205393131
1.202894314687
1.2047874945532
1.2172094868262
1.1781323285863
1.1936520192551
1.1673020806672
1.1201318680166
1.1139447194989
1.1272883921599
1.1037126126784
1.1280924977289
1.16305796373
1.1226155497358
1.0952800726056
1.0996109440867
1.0775636470148
1.043000325026
1.052078494223
1.0707856341979
1.0705107278939
1.0675047145876
1.0775921194213
1.0784129155283
1.0691945509301
1.0135563074611
1.0281869279286
1.027828902575
0.98011480261242
0.99346447490269
1.0234521040474
1.0141521073733
1.0182397505528
1.0125517825893
1.0053920601747
1.0122826969502
0.98323823565547
0.98999478852644
1.0025743433495
0.97659048578596
0.94910045365744
0.98333150092689
0.98013885054478
0.93731603491563
0.94725157182864
0.96292121817978
0.93685261281671
0.89487435435203
0.84956278952131
0.81328558192713
0.78602290973038
0.74442559420493
0.7189485690116
0.74002132955258
0.71855725693553
0.66574290663883
0.66786371676457
0.69276406381924
0.6817720189602
0.67154087017194
0.67191160871438
0.67165381857954
0.67114589904484
0.67706547284025
0.67455754762733
0.68869087977603
0.67038449055481
0.64916255814111
0.6422137632125
0.64240527987884
0.6621192993606
0.65082076958198
0.63243319051054
0.63603741296561
0.65308551732919
0.64974050574804
0.64593755698432
0.64891987458786
0.64419016663919
0.64616551249692
0.65647970751854
0.64893955358336
0.63654524108472
0.64091476283252
0.63851560854395
0.6261935390647
0.60966282990513
0.6081416462056
0.62614267422489
0.65415036147023
0.67151650273338
0.66728388059261
0.65035166885323
0.63926628370439
0.63493859822827
0.62299270240977
0.61261724763817
0.62425377120903
0.64661499185803
0.6512495441001
0.65063767648326
0.65165440125945
0.62538211741803
0.5992149457569
0.61592404418178
0.64030287152832
0.63970346281437
0.64057078933004
0.64561838353789
0.64380732007372
0.62947871119192
0.61395472045582
0.60988432170817
0.60911162233914
0.62302705347221
0.65214523955284
0.65638921018412
0.63556008015944
0.63044990004286
0.62718940009603
0.61708571916412
0.62534673149948
0.64880647377379
0.65632345047817
0.64413050024115
0.63927132874859
0.63211079716439
0.62311436373008
0.6356655625499
0.6533499654914
0.64392913596727
0.64266074824388
0.66572159029334
0.67118810560167
0.65933455751974
0.65838572724992
0.67249142194861
0.67563934814423
0.66942656749163
0.66951418861976
0.66841270956246
0.65960294956504
0.65388566682145
0.67195152748383
0.70411523124001
0.73964836026548
0.78070700359092
0.82930318424026
0.87090198406834
0.89626271919059
0.89569171159738
0.8596567588615
0.78521911704144
0.67787967039763
0.55658432293626
0.45807371203779
0.38270892939032
0.3010313287291
0.2256734775937
0.18646011565693
0.18002756311724
0.18707736363481
0.192351581412
0.19569572953415
0.20625225415998
0.21548675057126
0.20207197272057
0.18577424154351
0.17874217726721
0.15786243593965
0.12809441255861
0.12504944996046
0.13525988266281
0.14781729247453
0.16192896092093
0.15820159520352
0.15365087536452
0.15567775179761
0.16998470099665
0.18704554696569
0.17811311932583
0.1584796884039
0.16132094406984
0.17373386041548
0.17561699791351
0.18029322448001
0.17655296712356
0.17728489441424
0.18895102401437
0.1972524086014
0.19548257244466
0.17611875979426
0.15240366279272
0.14454523252354
0.14591834498212
0.14583502325394
0.15306229174641
0.16381763104398
0.166172777935
0.1519598599522
0.14078719712813
0.14185810953578
0.14813471173127
0.15590728996671
0.16570090936945
0.17477536082104
0.19685475815585
0.25590709605474
0.35214244580679
0.45515176645132
0.53682946045051
0.57660937343584
0.5500748711686
0.46253404029102
0.34961378316183
0.24302675567185
0.16541262921343
0.12919045891024
0.11448099224616
0.079246443739223
0.030899150719677
0.011837061234843
0.0068516965441745
0.023401019040037
0.046947915775775
0.03170704068296
0.0015943101558946
-0.0007527864330114
-0.0007043984354027
-0.0002367882355969
-0.0012201189750982
-0.0013694794592567
0.0008663468868519
0.0027026153201604
0.0021386051152206
0.0007062139339097
-0.0009891419846752
-0.0021023860263369
-0.0017615615160338
-0.0005024568970668
0.0016947826342317
0.0020926600051041
-0.0002120328801424
-0.0010612359812257
0.0006468868665621
0.0017380415464174
0.0009082008368466
-0.0008418943437504
-0.0025015371608816
-0.0031171926746509
-0.0013280312977315
0.0012968950301229
0.0025331213105773
0.0015694459776228
-0.0010216484042758
-0.002594833780023
-0.0018277156872415
-0.000323948733083
0.0009342096177533
0.0012496094218051
0.0003950602689428
-0.0004534749443507
-0.0004863062322613
-1.8403969193059e-05
-0.0001562706387403
-0.0008750221645925
-0.0013652661369434
-0.0015174759255387
-0.0005659499244359
0.0009317436493461
0.0007493070654618
-0.0009188270730931
-0.0013823169425109
-1.0400215799678e-05
0.0005876679324501
0.0001246779618213
7.6921867275815e-05
-3.9708524468551e-05
-0.0007380067351903
-0.0011998107368072
-0.000897931731103
-0.0005611889022816
-0.0008114194940844
-0.0011211559645119
-0.0004125201222393
0.0008649950899553
0.001445343213291
0.0009981954519844
-0.0003579594711311
-0.0020253782288648
-0.0025968732010995
-0.0015741336213182
-5.7840174605417e-05
0.0011286395238841
0.0013480284366096
0.0003442821913779
