0.0
0.0
0.0
-1.9491298958722002e-47
9.1461098463174e-38
2.5101798288114e-30
-6.3761714309419e-26
-1.0082868802973e-22
-1.1549831958686e-19
4.1121481733468e-17
1.3714574567088e-15
-1.2479731246338998e-12
-8.0376013844483e-11
-1.0656384896698e-09
-5.6985422067593e-09
-3.7403869249364e-08
-5.9602815846655e-08
-1.3909259406788e-07
-2.1766761562115e-07
-3.613204749125e-07
-6.2161016360358e-07
-9.1369228286705e-07
-1.6144997483567e-06
-2.3666391758457e-06
-4.0585115139349e-06
-6.7182762178829e-06
-8.686751455482e-06
-1.1673555914318e-05
-1.6048801141557e-05
-1.9435436128645e-05
-2.5853066584078e-05
-3.3610317532573e-05
-4.267616765484e-05
-4.9877621334349e-05
-5.1117905996559e-05
-6.484424053943e-05
-9.5755190136035e-05
-0.0001483002459556
-8.5424398126588e-05
-0.0003728876105331
-0.0003527452922443
0.0003700491196327
0.0009835442116486
0.0002029105710683
0.000169098562696
-6.7283419018072e-05
0.0001136925597821
-0.0001825490096944
0.0001019893565168
-2.2587849126565e-05
-4.3522550465913e-05
7.7284043806358e-05
-6.0376232555337e-05
0.0001075928378787
-3.361831649068e-05
3.684892341721e-05
2.3993917270704e-05
-2.5114115043967e-05
3.1348047838831e-05
-2.778200475767e-05
3.1067100526527e-05
-3.6300235577991e-06
-1.7165121576346e-05
1.4867003345465e-05
1.4354972234398e-05
-6.4437900826331e-06
-1.2294789639156e-05
3.5071487008764e-05
-2.6154469833894e-05
1.0529500760748e-05
6.9250920543551e-06
-5.4765726801298e-06
4.2280415525897e-06
-3.6228997529197e-06
6.5076514757512e-06
3.0266849553318e-06
1.2067859184172e-07
1.3073034854372e-05
3.8396271077046e-06
1.3551282345481e-05
2.2390557682383e-06
1.6159637947377e-05
-1.6802694301099e-05
2.3765188263858e-05
-3.5844385763428e-06
1.6019018490632e-05
-8.7271066641636e-06
2.0060781500353e-05
5.4465445866736e-06
1.1785436954514e-05
2.0669392936101e-06
1.2739957876928e-05
5.0252811727436e-06
8.0386108698982e-06
1.278079766337e-05
8.1394805767077e-06
8.8722307141631e-06
1.3500066606609e-05
1.2431672326785e-05
6.435300404839e-06
3.3487051612768e-06
1.5280034710408e-05
3.1931584580369e-06
2.3582837124225e-06
1.6523129191592e-05
8.6940094284338e-06
1.6200066845218e-05
1.0843348865364e-05
1.04933160609e-05
1.0886698549539e-05
1.0747999129646e-05
1.8384236596114e-05
1.3364854907161e-05
1.4171279672459e-05
1.0411970732982e-05
1.3707185204104e-05
1.2526064858465e-05
1.6402544083305e-05
1.7424586898795e-05
1.0280325698719e-05
1.3164625403073e-05
2.3596964196126e-05
1.0628662962753e-05
6.5429652127413e-06
1.9135549403526e-05
1.6413273188021e-05
1.9430839867107e-05
1.5246057920359e-05
6.7847731325399e-06
1.4850502242481e-05
1.8229423373983e-05
1.9435112450006e-05
1.4372160679454e-05
1.2033593876304e-05
1.6728617833861e-05
1.6616818795612e-05
1.5691273468565e-05
1.6365510462857e-05
2.1090841071159e-05
2.4027531467297e-05
4.6892877199889e-05
6.622555928304e-05
5.2590028157828e-05
1.1665954372797e-05
-4.2323271907119e-06
7.3405251338476e-06
1.3905123925628e-06
9.1797550992867e-06
1.5702668880874e-05
8.2876304106083e-06
8.8036111381418e-06
1.1653192579619e-05
1.5692816322577e-05
1.653314035624e-05
1.1784065650389e-05
1.0346553754093e-05
1.3059806407895e-05
1.567630732191e-05
1.2171499421454e-05
9.3986661818535e-06
1.5110881956853e-05
2.0820182592418e-05
1.3416526920551e-05
1.014630659632e-05
1.8824426524816e-05
1.6537449972376e-05
1.4068216616869e-05
1.4493312821134e-05
1.4403781929143e-05
1.6625833428804e-05
1.3899939837941e-05
1.3107704897236e-05
1.7120174642643e-05
2.0609588846351e-05
1.5420775163089e-05
1.0571343970062e-05
1.2270784237045e-05
1.4712686566692e-05
2.0385139970214e-05
2.0565415055157e-05
1.5620259786339e-05
1.7226454611122e-05
2.2625121556374e-05
1.4656701520843e-05
8.8342045911419e-06
1.4031271630015e-05
2.4930413451731e-05
2.5617353205255e-05
2.3674750125244e-05
1.4195788000861e-05
1.9389178468193e-06
1.2542391030445e-05
3.0502205757085e-05
2.3408135809486e-05
1.0126985221633e-05
1.4488034868705e-05
1.8372331543968e-05
1.6238137910393e-05
1.5329445771442e-05
1.438324111299e-05
1.5466294485275e-05
1.6336648990048e-05
1.756454943426e-05
1.5650545177825e-05
1.7503201621527e-05
1.6671893633108e-05
1.6246134615303e-05
1.98812613037e-05
1.8440304012227e-05
1.6304815013649e-05
1.8644534472034e-05
2.0898549161763e-05
2.1911972449246e-05
2.4161056050132e-05
2.1122808677471e-05
1.6755780336164e-05
1.797929089889e-05
1.910669251412e-05
2.217122283929e-05
2.2425035317075e-05
1.9411644153228e-05
2.9170239702059e-06
-2.703189959391e-05
-3.9709432249679e-05
-1.7857539424598e-05
1.4612047606888e-05
2.6300369820875e-05
3.2987268704543e-05
2.9340955202906e-05
1.6733377082939e-05
1.7777841808314e-05
2.4676504696799e-05
3.5219692904223e-05
3.6490606874093e-05
2.5332778837983e-05
1.8176154494981e-05
1.3249468551274e-05
1.1759872077771e-05
2.008137893092e-05
3.2097577347012e-05
