70.0
70.0
70.0
70.0
70.0
70.0
70.0
70.0
70.0
70.0
70.0
70.0
70.0
70.0
70.0
70.0
70.0
70.0
70.0
70.0
70.0
70.0
70.0
70.0
70.0
70.0
70.0
70.0
70.0
70.0
70.0
70.0
70.0
70.0
70.0
70.0
70.0
70.0
70.0
70.0
70.0
70.0
70.0
70.0
70.000000000008
70.000000000215
70.00000000429
70.000000063827
70.000000700038
70.000005616048
70.000032882917
70.000141247655
70.000452617652
70.001121767594
70.002291542248
70.00417864247
70.007186100602
70.011910865965
70.01936337122
70.03121069794
70.050216738473
70.080288689632
70.124161919305
70.179963622876
70.242070846361
70.307719162646
70.377605233241
70.450415894589
70.525028773749
70.601947728198
70.680468134802
70.760977182224
70.846863136616
70.940872784838
71.042115464905
71.150409700949
71.268055250411
71.395420620126
71.5315273953
71.67751455557
71.835004042242
72.00462665751
72.187490165681
72.386208962988
72.601151884394
72.830666023175
73.074286641216
73.334214405776
73.616462597277
73.92053993364
74.240109957323
74.572153694489
74.9128500934
75.277324666837
75.660840561454
76.005361227959
76.237316448167
76.24060024445
75.885999455268
75.126662977424
74.048429028417
72.900183872599
71.887914472575
71.050194922754
70.304112488046
69.572960189015
68.99590440706
68.814237933872
69.124614900602
69.693364270325
70.219660284785
70.506850865355
70.897389659001
71.631322376588
70.388698604198
81.286314995929
75.951982657063
65.16965813985
63.70730129434
63.845220020737
64.061622413637
64.096673919537
64.213184862293
64.135326133763
64.266002076047
64.239712149165
64.239240868246
64.219447682678
64.203104734397
64.139371669728
64.13222208574
64.050144285008
64.023018878485
63.999044363992
63.930720547094
63.775193963825
63.740026920231
63.68407931681
63.599242594069
63.536955142173
63.437429439395
63.321846734129
63.272588777677
63.168152939912
63.115349378919
63.050356813637
62.984317624619
62.896986300893
62.832540067644
62.766807858893
62.707756555997
62.640408224971
62.599355157048
62.613339054844
62.595904184661
62.546643202079
62.538280152515
62.619298665695
62.979020726267
63.105964594546
62.927865020488
62.788270275438
62.649785553006
62.557952819505
62.379683707635
62.302573374995
62.265593121784
62.198443202655
62.043055032607
62.056413440568
61.980363033846
62.100997023006
62.500001674054
62.977375098441
63.394838938615
63.571146967575
63.238092568462
63.110706757622
63.120072639089
63.100036162286
63.09255339398
63.067563170972
63.143040512888
63.067464278282
62.97514520267
62.961699609621
62.932533194424
62.912352503637
62.892737358112
62.870995039001
62.74319203087
62.579101942085
62.593951402095
62.778472432777
62.62623264167
62.326917713321
62.385786130953
62.490383167801
62.234926023937
62.044479919894
62.196823049167
62.320978875664
62.458923741231
62.698152973262
62.97861482166
63.538206516639
63.69380034471
63.65446780182
63.676161402445
63.641989740331
63.55460151292
63.602268229666
63.760641637404
63.729427595114
63.510774117726
63.515015193422
63.506216003824
63.386342445312
63.269106448729
63.273334841951
63.300324226135
63.197450268226
63.104181892787
63.130481517024
63.178964845101
63.122400669001
62.945092811099
62.795220017243
62.774157172875
62.859931750376
62.840413713692
62.743890836473
62.71250348649
62.64335200853
62.649228399444
62.773899209315
62.883924972938
62.842494064783
62.642054674972
62.516123566194
