-120.0
-120.0
-120.0
-120.0
-120.0
-120.0
-120.0
-120.0
-120.0
-120.0
-120.0
-120.0
-120.0
-120.0
-120.0
-120.0
-120.0
-120.0
-120.0
-120.0
-120.0
-120.0
-120.0
-120.0
-120.0
-120.0
-120.0
-120.0
-120.0
-120.0
-120.0
-120.0
-120.0
-120.0
-120.0
-120.0
-120.0
-120.0
-120.0
-120.0
-120.0
-120.0
-120.0
-120.0
-120.0
-120.0
-120.0
-120.0
-120.0
-120.0
-120.0
-120.0
-120.0
-120.0
-120.0
-120.0
-120.0
-120.0
-120.0
-120.0
-120.0
-120.0
-120.0
-120.0
-120.0
-120.0
-120.0
-120.0
-120.0
-120.0
-120.0
-120.0
-120.0
-120.0
-120.0
-120.0
-120.0
-120.0
-120.0
-120.0
-120.0
-120.0
-120.0
-120.0
-119.99999999997
-119.99999999987
-119.99999999935
-119.99999999702
-119.99999998726
-119.99999994889
-119.9999998083
-119.99999932831
-119.99999780437
-119.99999331423
-119.99998106575
-119.99995021579
-119.99987869425
-119.9997265987
-119.9994310555
-119.99890844262
-119.998070694
-119.99685644611
-119.99526305257
-119.99334995752
-119.991187193
-119.98876029306
-119.98589685573
-119.98229209491
-119.97763488419
-119.97171878797
-119.96439889213
-119.95539707482
-119.94413453869
-119.92975318152
-119.91125541706
-119.88753134747
-119.85722471734
-119.81878141357
-119.7711398884
-119.71504987232
-119.65427822397
-119.59570599929
-119.54775829731
-119.51725739556
-119.50560312461
-119.5066097436
-119.50902404943
-119.50382933548
-119.49095061841
-119.47860585507
-119.4750488542
-119.48063315735
-119.4883871402
-119.49220357639
-119.49288837581
-119.49503004609
-119.49985995124
-119.50407924062
-119.50453162647
-119.50035164721
-119.49118511876
-119.47758575766
-119.46330577081
-119.45321851498
-119.44831366462
-119.44523275128
-119.44050491788
-119.43355696327
-119.42611697349
-119.41958421052
-119.41375283814
-119.4090147509
-119.40704265527
-119.40665626668
-119.40387661227
-119.39885813993
-119.39601641812
-119.39633751237
-119.39758881091
-119.40050940261
-119.40655936831
-119.41254825431
-119.41495127341
-119.41727447819
-119.42598878162
-119.43974204279
-119.45196090423
-119.46395568947
-119.48147474738
-119.50115281373
-119.51871680415
-119.54298776956
-119.58180716109
-119.62527775656
-119.66188068849
-119.69721634441
-119.73796933608
-119.77757303671
-119.81718377085
-119.86991904902
-119.93229613469
-119.99225061257
-120.05887857775
-120.14451847308
-120.24376140128
-120.35436526875
-120.48065338173
-120.61240188145
-120.74438813903
-120.90296098165
-121.10805044818
-121.3415462703
-121.5896365449
-121.86967175851
-122.19033349446
-122.51859506151
-122.81103703058
-123.06414169521
-123.28876661009
-123.45968469118
-123.55430196527
-123.60292747748
-123.63779791819
-123.63377112771
-123.58617019877
-123.55739953005
-123.54117800819
-123.47237674019
-123.37049702312
-123.26127478373
-123.11934946003
-122.95117221034
-122.76288947141
-122.5495472622
-122.33546058965
-122.11827556528
-121.88967789295
-121.67303298498
-121.46097612042
-121.26323469283
-121.09100521469
-120.89735982302
-120.69297514207
-120.49690657536
-120.29496763595
-120.1032878246
-119.90506821248
-119.73974494866
-119.66256584328
-119.56655992687
-119.4117222165
-119.46660025863
-119.55244694546
-118.36194899882
-117.53394013087
-118.36010118091
-118.10228836388
-117.88460948781
-117.05381072843
-117.55872224009
-117.33430904672
-117.24578101348
-117.23170964553
-117.24662223767
-117.238771871
-116.69571410174
-117.1098844777
-116.8921080415
-116.8464623838
-116.88632272897
-116.66683235123
-116.98885384583
-116.61599587656
-116.73634833207
-117.02974119868
-116.43323789144
-116.99322651829
-116.86697487922
-116.5723091663
-116.79426556023
-116.95475767799
-116.67815663875
-116.98565934137
-116.94284773529
-116.84416482146
-116.83130549304
-117.15597387429
-117.01025020916
-117.04081058403
-117.21064618091
-117.18708090731
-117.34181286882
-117.36762671295
-117.6214982906
-117.83254915248
-117.67765854585
-117.90345820488
-117.97941356978
-117.77605058075
-118.1017732957
-118.02702990852
-118.05666449068
-118.17222902214
-118.16748897152
-118.21463298894
-118.26984261803
-118.41545790688
-118.52406462758
-118.43470990319
-118.5494757392
-118.68750502313
-118.62767099057
-118.66309937267
-118.82816642222
-118.7414478141
-118.74848058008
-118.94167126924
-119.03520559681
-119.02618634286
-119.04188928164
-119.19992860497
-119.23672160373
-119.07911731957
-119.2311899254
-119.39405229556
-119.26071152536
-119.35381679892
-119.42366013055
-119.43425901238
-119.52903930259
-119.49781182433
-119.31982456964
-119.06729179576
-118.72827519918
-118.26000620108
-117.677946072
-117.44880823196
-117.43928043701
-117.45014915772
-117.36534153204
-117.20837567653
-117.18240844798
-117.0535108386
-117.00128066578
-116.98737755243
-116.81958545459
-116.69731233945
-116.64237261656
-116.46276266714
-116.38802687664
-116.35881701683
-116.1758731837
-115.98535533438
-115.92155275185
-115.82593984284
-115.66384467812
-115.46826637562
-115.34487924131
-115.2116932625
-115.03352473023
-115.02762624713
-114.96663827308
-114.80598596677
-114.77274952209
-114.91856954626
-114.91909984273
-114.91802768643
-114.89384424735
-114.93705756294
-114.88586587335
-114.76152699447
-114.69449468943
-114.80983732258
-114.90358770338
-114.92490153036
-114.90280229208
-114.7652792206
-114.74812873837
-114.88048065059
-114.9427551233
-114.90559904591
-114.9034312735
-114.87165117591
-114.88725976967
-114.90705032171
-114.91546299289
-114.9283109543
-114.86550264022
-114.76505716534
-114.79749320053
-114.7814704501
-114.6854028188
-114.65501320762
-114.61089072313
-114.61657159725
-114.69410881783
-114.73236188104
-114.65573021828
-114.54636529615
-114.47946224115
-114.55904772085
-114.65502073066
-114.60357290525
-114.51151141466
-114.51581454814
-114.64433712473
-114.72123132038
-114.69218818823
-114.67389901053
-114.67345714725
-114.66282580097
-114.68231868917
-114.63483467444
-114.53607601555
-114.53110338935
-114.66034592671
-114.83779764151
-114.90975119928
-114.84466147955
-114.81636130396
-114.83944878157
-114.80295519509
-114.82709378248
-114.87454496086
-114.82134920231
-114.65048760852
-114.47827845209
-114.36917470419
-114.39815115542
-114.47298205992
-114.53596181438
-114.55616985907
-114.49124888386
-114.35641710293
-114.32943052759
-114.41607507972
-114.57682909779
-114.66692519096
-114.58736158253
-114.49192798803
-114.49295990643
-114.54625755838
-114.59772990053
-114.55960874519
-114.48061797535
-114.47023562899
-114.48539409631
-114.53440431667
-114.5979926497
-114.63740920975
-114.6188894598
-114.57382896583
-114.49176822606
-114.47542470607
-114.5834622424
-114.77074116422
-114.85612019524
-114.69985371514
-114.455976221
-114.30419827974
-114.27545598496
-114.3507412878
-114.51560832703
-114.6670370961
-114.70859008252
-114.69186561741
-114.6469943093
-114.66024345818
-114.7394257521
-114.81249783458
-114.86578715484
-114.88046461931
-114.88603708672
-114.88833732998
-114.86877902305
-114.86490314869
-114.86352180617
-114.85160952894
-114.82759828452
-114.80738782558
-114.82438071274
-114.90112179628
-114.93761915899
-114.88137391701
-114.83893411289
-114.84510114094
-114.87311199094
-114.88379055361
-114.88230661955
-114.90782064637
-114.92387888681
-114.88117334778
-114.8153440421
-114.80928109441
-114.86799500983
-114.94160014705
-114.99876520353
-115.00499700109
-114.96491114512
-114.90346665525
