-120.0
-120.0
-120.0
-120.0
-120.0
-120.0
-120.0
-120.0
-120.0
-120.0
-120.0
-120.0
-120.0
-120.0
-120.0
-120.0
-120.0
-120.0
-120.0
-120.0
-120.0
-120.00000000001
-120.00000000002
-119.99999999932
-119.99999998761
-119.99999988371
-119.99999929763
-119.99999720284
-119.99999322531
-119.99999402205
-120.00001839057
-120.00007169421
-120.00009947674
-120.00006385182
-120.00014246738
-120.00052162307
-120.00079308713
-120.00046188166
-120.00024956559
-120.0010106391
-120.00183740904
-120.00185341959
-120.00179247725
-120.00219087443
-120.00313408676
-120.00441411951
-120.0050339271
-120.00568243238
-120.00813839511
-120.01207217675
-120.01702777549
-120.02286141628
-120.02770573069
-120.02982232128
-120.03028594868
-120.03483365026
-120.04590981252
-120.05285285969
-120.05137873675
-120.05592620211
-120.06897128764
-120.0794809217
-120.0903072895
-120.10549386381
-120.11826169749
-120.12031952796
-120.11649930448
-120.11594035814
-120.1011264462
-120.07639662285
-120.07105869142
-120.07869474314
-120.11440928543
-120.17381820402
-120.21390632374
-120.27770397816
-120.32982467818
-120.28908788736
-120.32911428751
-120.8103419952
-121.29595169831
-119.99438418817
-118.94085942249
-119.72024286342
-118.39952944743
-118.60823208147
-119.22356636977
-119.07174452321
-119.56988801326
-119.60650541202
-119.46486837038
-120.27274081584
-119.79666181743
-119.85010861347
-119.82950932035
-120.33813749515
-119.41938882864
-120.20941078988
-119.70153054251
-120.17656604441
-119.76010337914
-120.30737921357
-119.83871185855
-120.0746367915
-119.72701135335
-120.09688059753
-119.87878092525
-119.81593478221
-119.98834044695
-120.14634561329
-119.7869259399
-119.97500927268
-120.05212960865
-119.97283347697
-119.95233761936
-120.01990163327
-119.97388107059
-120.0232814636
-119.90894690929
-120.02687417381
-120.04977561692
-119.87428702114
-120.0739664484
-120.01122999156
-119.9852309193
-119.98945292445
-120.01754193248
-119.99403482165
-120.10516219109
-119.9031364945
-120.09860864035
-120.0821776777
-119.97133028312
-119.92966943507
-120.14719315449
-119.87209935332
-119.85746856347
-120.00818028384
-119.81134339225
-119.82245741704
-120.02161534011
-119.88489668643
-119.89295046165
-120.01099550058
-119.89223629828
-119.96945173982
-120.02542669785
-119.92938387797
-120.05977748438
-119.94540805931
-119.91591883937
-119.99176975946
-119.8594685813
-119.94391825766
-119.98770586836
-119.91856362353
-119.80114613403
-119.88567590688
-119.91094006383
-119.96035429392
-119.79775334966
-120.01786353652
-120.0858113123
-119.97474119903
-119.98017676426
-120.19449372328
-120.14441672065
-120.13386072245
-120.17341366533
-120.19797774752
-120.21601499065
-120.23348821087
-120.28361593231
-120.37582865838
-120.25953632365
-120.30302082163
-120.3901802861
-120.36701380106
-120.32981146719
-120.43630097447
-120.49262596531
-120.50770136689
-120.53502099969
-120.54731554892
-120.51548944997
-120.53671439779
-120.64086327488
-120.62020470144
-120.5920130932
-120.62134963272
-120.65374338957
-120.66410472571
-120.68591549282
-120.70021059212
-120.72385655248
-120.68878980279
-120.72284681513
-120.80056681752
-120.7969487233
-120.78143355448
-120.82295417453
-120.84616469068
-120.86138201996
-120.84375014581
-120.8689533148
-120.88603018104
-120.92313362589
-120.95123712255
-120.9640935747
-120.91319256794
-120.95205110994
-121.01716419523
-121.00457418436
-121.02606097878
-121.06237119245
-121.02509087664
-121.0163685876
-121.09224126112
-121.13079683255
-121.12647094764
-121.09516028202
-121.08461106046
-121.14296034473
-121.15745643513
-121.15944608287
-121.2294187483
-121.22825587992
-121.20619904024
-121.27296113933
-121.24667939861
-121.20830194164
-121.32999840914
-121.36112876955
-121.33803080118
-121.36102870018
-121.33548129505
-121.33056382506
-121.35559856691
-121.31891391495
-121.36445533452
-121.41496246962
-121.42897177189
-121.45136995784
-121.44086778259
-121.43187110857
-121.47384671148
-121.51072723541
-121.53238799412
-121.54910166077
-121.52430789763
-121.52773217963
-121.5747906051
-121.58282835999
-121.57076336495
-121.58943791928
-121.58478511073
-121.59165438509
-121.64483387289
-121.67049682185
-121.66128638789
-121.67713703196
-121.71209289887
-121.70041010203
-121.69540813429
-121.7353034872
-121.73357076425
-121.70730139664
-121.72549792739
-121.73628200674
-121.70536802919
-121.70799019285
-121.7717761755
-121.83116207438
-121.83495044361
-121.84090227595
-121.86726211335
-121.85356115007
-121.80765587049
-121.79200055131
-121.79921261236
-121.78718631808
-121.76161161719
-121.77477245514
-121.84173444636
-121.87170327418
-121.84826412637
-121.861063996
-121.89802929387
-121.9136754228
-121.93997881032
-121.97060712447
-121.99476111243
-122.03726261865
-122.07570560459
-122.06500916333
-122.00467013884
-121.94115518211
-121.9184962395
-121.95069854753
-122.01370287415
-122.07208469468
-122.08363115205
-122.05888918048
-122.06747439567
-122.08615033004
-122.06970273884
-122.07046317608
-122.06742507861
-122.04024658267
-122.0522752699
-122.08173727754
-122.09143358555
-122.10109990093
-122.13022781576
-122.15804773499
-122.14282005765
-122.1280674044
-122.15569265303
-122.16783294764
-122.14964581616
-122.14887129257
-122.15449258225
-122.15200207055
-122.1799636204
-122.22983305998
-122.26762332495
-122.28139933131
-122.26640791707
-122.23219696538
-122.1954085463
-122.1792844155
-122.20365460296
-122.22681669707
-122.21595264337
-122.21087636679
-122.2277255448
-122.24589751028
-122.26973686016
-122.28569463825
-122.29177215434
-122.32011168783
-122.33688987301
-122.31662901828
-122.30749814042
-122.31799757617
-122.31527733554
-122.30064364312
-122.29837422295
-122.30854157191
-122.31049610199
-122.31469649561
-122.34722315432
-122.39233848613
-122.42649949937
-122.46514075602
-122.49651270369
-122.47469749637
-122.42151653989
-122.39559672701
-122.39696840657
-122.39682067463
-122.39222923394
-122.39750411164
-122.40243666943
-122.38512605105
-122.36263525654
-122.36446611554
-122.38461524939
-122.41285801737
-122.44544717708
-122.46279926711
-122.44838862867
-122.40411142904
-122.34567805253
-122.28318616636
-122.22114516057
-122.17765786593
-122.16699753637
-122.1795361478
-122.21404574381
-122.2724964768
-122.30679116632
-122.28354979309
-122.2438424174
-122.20348025209
-122.15386993111
-122.14042251346
-122.17788848189
-122.21279258076
-122.23168924318
-122.25248054599
-122.26115771712
-122.25239409072
-122.24874338999
-122.26280940537
-122.27689385648
-122.29085387999
-122.32133289445
-122.34489074732
-122.34496827173
-122.3443460454
-122.34879106863
-122.35847433136
-122.3629477359
-122.3483416994
-122.33111913296
-122.3206870621
-122.31849811584
-122.3262551273
-122.34263302518
-122.36605461696
-122.39018391574
-122.40207014698
-122.40768776312
-122.41733554226
-122.42285420406
-122.42693384505
-122.44307049768
-122.45196356031
-122.44210816024
-122.44444807229
-122.46694080416
-122.47840580939
-122.46636514451
-122.43703134058
-122.39574975082
-122.3509879403
-122.31671128702
-122.30238591319
-122.31701868978
-122.36743836021
-122.42680600775
-122.46081858453
-122.46839792263
-122.46444314767
-122.45944404015
-122.45425694425
-122.4485769227
-122.45382832827
-122.48072270468
-122.53220462187
-122.6009599596
-122.69020785103
-122.81573046574
-122.97504636539
-123.15433249505
-123.33253252813
-123.48707149895
-123.58504141879
-123.59180147165
-123.52908032956
-123.44359586793
-123.37080975627
-123.34425923776
-123.34915844222
-123.34227682995
-123.3060112946
-123.25901870828
-123.22594093286
-123.22017861939
-123.24712801717
-123.23951730604
-123.20835324862
-123.19034012258
-123.14787155803
-123.11558173376
-123.10138648781
-123.06188728279
-123.04147232353
-123.03185782355
-123.03749712675
-123.08643934509
-123.13225947608
-123.16847476628
-123.19235839717
-123.1870742787
-123.12827224333
-123.05839285707
-122.97324109273
-122.9698631893
