0.0
0.0
0.0
0.0
0.0
0.0
0.0
0.0
0.0
0.0
0.0
1.4124969352414999e-232
5.396630304901999e-218
8.1203044211544e-207
2.3245975029659e-197
4.7825835718565e-189
1.3829742445568e-181
8.237778237151299e-175
1.2065071846112e-168
3.0137777686418e-163
-1.9684625499301e-157
-9.2336677921287e-152
-1.3762829746612002e-146
-9.6122582355891e-142
-3.6077833275012e-137
-7.8974392372964e-133
-1.0697449958091e-128
-9.3962326320781e-125
-5.5633459146049e-121
-2.2946150228263998e-117
-6.7818845196468e-114
-1.4717971467146e-110
-2.3949621539301e-107
-2.9744181561608e-104
-2.8607298003653e-101
-2.1546665066775e-98
-1.280150257991e-95
-6.0110820487168995e-93
-2.2152486849274e-90
-6.241270207393901e-88
-1.2346121729305e-85
-1.093220528197e-83
3.1827313530396e-81
1.8861274945385e-78
5.6476463563427e-76
1.2521773077787e-73
2.2535262176646e-71
3.4264360850168e-69
4.5029868186812e-67
5.1923970814556e-65
5.310351915806099e-63
4.855844138313e-61
3.994515566536701e-59
2.9702411897854996e-57
2.0039133129997e-55
1.2303951877028e-53
6.8927650734038e-52
3.5309357518594997e-50
1.6573339200204e-48
7.1413005209655e-47
2.8299782288017e-45
1.0332341820004998e-43
3.4816181616073e-42
1.0846106659252e-40
3.1290057647715e-39
8.3731933753297e-38
2.0817100007498003e-36
4.815725703670199e-35
1.0381431539704e-33
2.0884410611633002e-32
3.9260024789780995e-31
6.9059331664213e-30
1.1381779445122e-28
1.7598449790638998e-27
2.5558629488707e-26
3.4900430741088e-25
4.4835065984986005e-24
5.4188891118135e-23
6.1572906341345e-22
6.5665075503219e-21
6.5540931308474e-20
6.0942315811213e-19
5.2327329795384e-18
4.0416178767098e-17
2.6074008743618003e-16
6.512574187789e-16
-3.3958783757428004e-16
-1.3586534066366e-15
-8.6787787514042e-15
-5.512097878062e-14
-3.1235511294931997e-13
-1.6079220677597998e-12
-7.507427581506599e-12
-3.1889681728277e-11
-1.2335820740304e-10
-4.347644915509e-10
-1.3961317189285e-09
-4.084104367181e-09
-1.0879704742465e-08
-2.6381661911207e-08
-5.8196803226324e-08
-1.1666869543349e-07
-2.1208205743423e-07
-3.4794550285189e-07
-5.105258017387e-07
-6.5934542704984e-07
-7.3164146822287e-07
-6.7970514223305e-07
-5.4297417848065e-07
-4.9773671812025e-07
-7.6986941622857e-07
-1.377383144753e-06
-1.9505023859211e-06
-2.0372255985526e-06
-1.8135411882168e-06
-2.2468166316475e-06
-3.9864425409924e-06
-6.1713886269142e-06
-7.3146899005334e-06
-7.6578794108613e-06
-9.2017876646701e-06
-1.24085035095e-05
-1.4528039227901e-05
-1.2876985085039e-05
-8.1108163158851e-06
-2.2205256624796e-06
4.8235132008509e-06
1.3851833839423e-05
2.3171266260047e-05
2.8655055268976e-05
2.7251209881728e-05
2.0634261652591e-05
1.5827821980651e-05
2.0502135834846e-05
3.4977762044329e-05
4.8006216191335e-05
4.4250511279351e-05
2.2641705295506e-05
4.3711396220306e-06
1.0125349063851e-05
3.2072052949421e-05
4.5273205897837e-05
4.1494964345187e-05
3.0497527564779e-05
1.6988717881224e-05
2.9674987670394e-06
2.3172847132491e-06
2.2663360395883e-05
4.4243229367447e-05
4.5471596077212e-05
3.1273560685107e-05
1.4651918303255e-05
1.445937571469e-06
4.0462391812779e-06
2.9119959277921e-05
5.4117876345573e-05
5.3427745773488e-05
3.1709247132623e-05
9.7498276727126e-06
2.3873299382119e-06
1.359276218416e-05
3.0103359304476e-05
3.2353680129627e-05
2.5172701871253e-05
3.1472718564792e-05
4.7672161985411e-05
4.3179434407485e-05
2.1459347173335e-05
3.34042861059e-05
9.3918392900987e-05
0.0001578355000709
0.0002156967222532
0.0002846658493339
0.000306104633406
0.000229807037316
0.0001220372501466
4.7274364575224e-05
3.2025711440425e-06
1.3741941071004e-05
0.000100540416098
0.0002018616286257
0.000266003112017
0.0003347048935425
0.0004242535117923
0.0004640283427864
0.0003696014443554
7.2866201130534e-05
-0.0002606712436611
-0.0002132033914956
0.0001857063478355
0.0004293053258969
0.0005532622908296
0.001008532237691
0.0016278886410814
0.0020480508976267
0.0025048625926838
0.0030214218119967
0.003100041425616
0.0028366004834801
0.0024813910481786
0.0015357280227307
-6.7581955925933e-05
-0.0015957684619844
-0.0025528727648771
-0.0027509916473545
-0.0023938826728298
-0.0018402152757058
-0.0009511648364823
-3.89994814054e-05
0.0002324349265114
0.0001157439973698
-0.0005103162089847
-0.0020168256784303
-0.0033312868930324
-0.0040857796450355
-0.0047998476797706
-0.0043853669826399
-0.0024856647386495
-0.0004923802955025
0.0010361436560524
0.0021801919650843
0.0025074623754784
0.0011251931378742
-0.0008614595432221
-0.0031691922353527
-0.0082820386862026
-0.0017164188519603
0.033777090305631
-0.0024441137230435
-0.23288475862966
-0.05239960442307
1.633641995995
3.4455262011228
4.8117860689278
5.1069548222539
4.8090713877562
4.0357756841699
3.5800940534826
3.3417903521879
3.07495546444
2.9005615257447
2.7893439927403
2.7772974468032
2.631953276991
2.5661780546739
2.5477636161611
2.4359221793083
2.4833508713273
2.3068033864495
2.3740156461121
2.2928871329196
2.2158838866901
2.2842877888353
2.1723412010477
2.1351177352639
2.1852229430285
2.1040931248098
2.0810804553986
2.0538473114527
2.0342669658301
2.0171621028855
1.9528836246538
1.9942536312275
1.9731413711035
1.890724400017
1.8958683641038
1.8917789238332
1.888006788792
1.8482969541143
1.8218583929173
1.8223227244359
1.8012976458509
1.7507922127352
1.7575454303957
1.7409693955903
1.7276636149816
1.6931194805498
1.6665076791851
1.6646690996104
1.615894225054
1.5771062868602
1.5534661930356
1.4867058730122
1.449759782993
1.4600644484474
1.454881557088
1.4299170789196
1.3852762158633
1.3790779854119
1.3667015033576
1.2653632195514
1.1821836370547
1.0292421895151
0.77777430100596
0.65569322891044
0.62778371941548
0.58785617475703
0.5781133394553
0.58081283287557
0.58037016300894
0.57834276816777
0.56924513648582
0.5542007278784
0.55671231715024
0.59354041830755
0.61706180156484
0.67037931544736
0.72276586611331
0.68597939382169
0.57029352631535
0.40210385443018
0.21911560933496
0.1531247261326
0.18573636644295
0.17376443229082
0.11182084906736
0.029355450164559
-0.00020560417191
0.0073870940891396
0.010439164210752
-0.0015673001161787
-0.0054006057268907
0.0014094833387546
0.0052905502135658
2.5648507495646e-05
-0.0040437003505644
0.0010266428667194
0.000991833569941
0.0009065621771497
-0.0005174487631265
-0.0013090346271838
0.000649817615006
0.0008916347814746
-0.0009066445256777
-0.0005668048645546
0.0022769575323878
0.0009795567134318
-0.0032249177627008
-0.00393817084543
0.0017981489701668
0.0048825282213727
-0.0001704271445746
-0.0048245705182026
-0.0028124163044652
0.0015462108757802
0.0030261902438156
0.00063532219432
-0.0014617902543534
-0.0036845624723725
-0.0041733405030442
0.0003410303406781
0.0046808810532539
0.004234321651353
0.0011753757410915
0.0003713067735944
-0.0024735533592946
-0.0054626246491551
-0.0026376047614463
-0.00092259010529
-0.0018488397328653
-0.0006010111789578
-0.0015427009259383
-0.0035458540800448
-0.0037689810312713
-0.0010929307222796
0.001570914053417
0.0011407454632462
-0.00080073941362
-0.0024333991671455
-0.0006833389049276
0.0010632369622954
-0.0018767220417715
-0.0023061264084134
-0.0003168440319001
2.0206814355106e-05
-0.0002169680149322
-0.0007608047381424
-0.0013124365764838
-0.0008017845051
0.001146301350019
0.0022728137752281
0.0009425144515518
-0.0008703200998994
-0.0022136582273902
-0.0033094353289798
-0.0032232643913943
-0.0008355843318597
0.0041203123094746
0.006875252153371
0.0036339977540933
-0.0024928042842376
-0.0076804379744999
-0.0076123184310717
-0.0007650878274034
0.0068002105944487
0.0083183689236321
0.0024446459919503
-0.0050855551574358
-0.0070676819976967
-0.0024892884903593
0.0036293637901252
0.0054691244663729
0.0014833035088202
-0.0046873255731938
-0.0069728995917728
-0.0030746921616753
0.0018306926232725
0.0019037866332283
-0.0019565987425807
-0.0085713943239085
-0.0025625758784287
0.0088497742080307
0.035283018091903
0.054744669386153
0.05394512679473
0.057524322065916
0.082530047346197
0.13173798029857
0.20467952706174
0.27387792560507
0.30630328364136
0.29541980074974
0.247832488893
0.21738388284298
0.1696219920035
0.092927266313403
0.014542675459595
-0.0042240976029007
-0.010708082913347
-0.011898227199225
-0.0079474284422787
-0.001591979856741
0.0017513403408387
0.0022235688090788
0.001682313034479
-1.8730123585442e-05
-0.0016567968707193
-0.0012159717455162
0.0006080257398011
0.0014222615840609
0.0002821569138333
-0.0004984650725958
0.0001519046586295
-0.0001007763927418
0.0002021736422719
0.0016651928422817
0.0010153195383111
1.4372453982503e-05
-0.0004388028587598
-4.4190688264222e-05
0.0011210730306743
0.0011668823988842
0.0006410399933543
-0.0004125699378576
-0.0014014188382205
-0.0018153542560739
-0.0016197970081677
-0.0009265873046615
0.0004289687829839
0.0013139896553938
0.0014243421105675
0.0012852918562345
6.5119173342509e-05
-0.0011579146423912
-0.0009120087202774
-0.0001579333948953
-0.0004474191124259
-0.0007368554101105
-0.0005286643173008
-0.0007825781482395
-0.0008205938350158
-0.0002283779021894
0.0006573036570145
0.0013722106167791
0.0014255990183898
0.0015482884707652
0.0009811253656621
-0.0004330635663407
-0.0014985967546011
-0.0022605748499771
