"avg(slip)"
0
0
0
0.0022996
0.020463
0.056993
0.10817
0.15989
0.21008
0.25871
0.3071
0.35448
0.40158
0.44781
0.49323
0.53802
0.58183
0.62507
0.66713
0.70838
0.74903
0.79068
0.83411
0.87838
0.92298
0.96761
1.0139
1.0625
1.113
1.1648
1.2174
1.2713
1.3263
1.3822
1.4385
1.4956
1.5543
1.6147
1.6723
1.7166
1.7496
1.7819
1.813
1.8417
1.8689
1.8925
1.9098
1.92
1.9249
1.9258
1.9241
1.9231
1.9248
1.9299
1.9385
1.9502
1.9631
1.9755
1.9862
1.9952
2.0017
2.0058
2.0089
2.0115
2.0131
2.0148
2.0174
2.0201
2.0231
2.0253
2.0266
2.0289
2.0335
2.0404
2.0486
2.057
2.065
2.0741
2.0861
2.0995
2.1111
2.1207
2.13
2.1388
2.1451
2.1473
2.1447
2.1381
