"avg(sliprate)"
0
0
0
0.085519
0.26985
0.44992
0.528
0.50454
0.49134
0.48987
0.47451
0.47427
0.46914
0.4552
0.45335
0.44162
0.43705
0.42576
0.41772
0.40746
0.40784
0.42667
0.43876
0.44594
0.4447
0.45122
0.47434
0.49568
0.51306
0.52052
0.53214
0.54484
0.55513
0.56059
0.56593
0.57806
0.59588
0.60523
0.52875
0.3685
0.31705
0.32394
0.29702
0.28025
0.26062
0.20948
0.13813
0.073359
0.029408
0.0085804
0.018698
0.0013982
0.032331
0.067497
0.10327
0.12602
0.12859
0.11719
0.098982
0.079831
0.052093
0.032782
0.030558
0.021116
0.013002
0.022029
0.027306
0.028569
0.028325
0.016465
0.013592
0.033002
0.058482
0.076623
0.084622
0.081492
0.081215
0.10445
0.13204
0.12905
0.10426
0.092633
0.09268
0.079513
0.045495
0.00064476
0.048282
0.075862
