7.353344888154996625e+03 3.547040780142389593e+01
-4.393630116183078826e+03 5.263895573854555465e+01
-4.993082214879325875e+03 5.624439882446019823e+01
-8.254583391115478662e+03 3.840180713275083235e+01
6.061032858295411785e+01 2.038452744792223115e+01
-1.548598639021668760e+03 3.593259987338596773e+01
-1.287192006251652492e+04 2.587924831643856294e+01
9.010886632856786491e+02 6.639313102222551777e+01
7.958435319297465867e+03 3.480536336068669812e+01
4.655721604661549463e+03 3.523114032303253396e+01
-3.752734179121106990e+03 3.935065015543356282e+01
7.485461309158851009e+02 3.656919642463849840e+01
5.548682245537432209e+03 3.442335070161039567e+01
5.597505334821543329e+03 5.590171073742251195e+01
3.431484128566046365e+03 2.912436969032359002e+01
-7.549128004880300978e+03 3.542034895708853526e+01
3.468925276682015920e+03 6.190029574693831904e+01
-5.342734673238605865e+02 6.939805539484318331e+01
-1.118147728262192686e+04 5.898874968734978808e+01
-1.279594194342363517e+04 8.015191387668728851e+01
-4.743546313099491272e+03 3.300736198304752378e+01
-4.788567756735459625e+03 5.810670925741683135e+01
9.666915684671452254e+03 3.193670485556044625e+01
-1.848480435227931366e+03 3.520917268476119943e+01
9.627490440639017834e+03 6.329777111882702911e+01
-1.425560020997050742e+04 3.436065065451446543e+01
8.564917025827629914e+03 3.349722162637849721e+01
-7.044029258430974551e+03 3.476346058193870192e+01
-1.285578019977521581e+04 6.862586618149998685e+01
9.733582351338518492e+03 3.193670485556044625e+01
3.184390559872874178e+02 6.535465657065809353e+01
4.188347514243127080e+03 5.343812879009692551e+01
-5.657727071541881969e+02 3.118867630823120862e+01
9.772224404993119606e+03 6.446489462146894311e+01
1.129148341166182763e+04 6.129875451868275604e+01
7.912744031123697823e+03 6.874187748318816205e+01
8.462912672407301216e+03 3.261769672464108538e+01
-3.701862048756048807e+03 6.972025547652675925e+01
3.581155396219518934e+03 6.711636964074068601e+01
3.751478293227361064e+03 3.368396867062019595e+01
9.534272252378601706e+02 3.537725607433543473e+01
9.061939607322485244e+03 2.550456385669471615e+01
-7.596882714689457316e+03 5.917152412957761953e+01
9.513066659405527389e+03 5.994166431083539237e+01
8.736033325761074593e+03 3.261480393242815268e+01
-1.045686229953655584e+03 3.612839341868926368e+01
8.773582959110834054e+03 7.066124301623892734e+01
-1.376627305814041756e+04 2.929466159438166528e+01
8.527829698255918629e+03 6.611491835101958259e+01
8.422529409970868073e+03 6.323750588942905182e+01
2.155849443563920886e+03 3.540220448312840062e+01
9.021630535545778912e+03 5.020340580209548165e+01
-4.942763208320081503e+03 3.268522893214545633e+01
-6.453890465449537260e+03 3.425536415483923491e+01
4.608027396751279412e+03 6.765206311726268495e+01
3.583249124998683328e+02 3.240912737123530718e+01
7.962075689634606306e+02 6.758507137252858854e+01
-8.204478719142645787e+03 7.065710087797322103e+01
-1.274541513949828368e+04 3.740529601162586459e+01
7.302020151812953372e+03 6.694082040849453108e+01
-6.401475178342486288e+03 6.128721237575995673e+01
-4.343630116183086102e+03 3.071151612215024329e+01
1.749906297674015150e+03 3.364327979638043331e+01
2.106681867035515552e+03 6.641858787427038635e+01
-5.532574860568222903e+03 2.861840372196585136e+01
1.799676505069232007e+03 5.541696131460182784e+01
3.695192541344577421e+03 6.802441225474616715e+01
-1.496774230626547251e+03 6.058179182817059427e+01
-1.372879600100591961e+04 5.846013231615944505e+01
-1.383293972480707998e+04 2.929466159438166528e+01
3.537441148102840089e+03 3.277592605661472192e+01
-5.560357552459220642e+03 6.919210538820128420e+01
3.364817461899737737e+03 2.912436969032359002e+01
3.801774502357925030e+03 5.268870209271153726e+01
-7.178209443452712549e+03 7.083991880584268586e+01
7.403885168800740757e+03 5.749369168713771927e+01
3.324743936775045313e+03 5.629840754662640734e+01
5.492020865960468655e+03 6.575717526024320136e+01
3.212916362771241893e+03 5.495931625713220825e+01
-4.190004596746665811e+03 5.140035003927192747e+01
-5.902825661982259589e+03 5.991663970623259416e+01
-7.085933372827555104e+03 6.461889930988009212e+01
-5.953446343169459396e+03 3.293427926733750866e+01
-1.601723620170425420e+03 6.579488408022287160e+01
6.953007586517957861e+03 3.184222557942988985e+01
9.838642053641409802e+03 3.252818976590850042e+01
6.950625321817032045e+02 6.592489651926422312e+01
-7.141904114396108525e+03 2.985543872794139020e+01
-5.465908193901559571e+03 2.861840372196585136e+01
1.139434302621213101e+04 6.332971175990463308e+01
-1.798353807980145348e+03 5.908027312535494957e+01
-5.339657611098319649e+03 2.880043476789736800e+01
-1.386354047419599920e+04 6.397013639635156323e+01
-9.867796409484175456e+03 6.949152135005310527e+01
-1.097228985986826274e+03 6.471290311701859821e+01
-9.159516316048837325e+03 3.328165363456118087e+01
3.643714248103012778e+03 3.434044358412597120e+01
-1.420427939673959008e+04 6.790293744756129968e+01
7.804051231982026366e+03 6.625566059687618292e+01
-2.506774774797195732e+03 5.098784301643690497e+01
-4.542863208345901512e+03 3.265246010646772135e+01
-3.344699508742799026e+03 3.117081134698247880e+01
-9.747006151602296086e+03 3.522424952571730472e+01
-4.144686535007213934e+03 2.902157356888609385e+01
-1.106949034523045157e+04 5.451211156877500486e+01
-9.916452004549717458e+03 6.818447227053864879e+01
-1.296430028492110978e+04 6.802434410243982654e+01
-1.301234161117271287e+04 6.484608220539786316e+01
-5.375750667742428050e+03 6.437359180776725509e+01
-1.103233004149731096e+04 2.558833123024407996e+01
-1.346757677743915110e+03 3.173405505561018103e+01
-8.097698020916305722e+03 5.901719139660119851e+01
7.854308711803947517e+03 3.393651412250147104e+01
5.443338620404549147e+03 3.133382455863280214e+01
-9.350892646372580202e+03 3.106649245430454798e+01
-9.400618130737417232e+03 5.092447102024419792e+01
1.124542786567596522e+04 2.942398652659617753e+01
-7.493760148813226806e+03 6.623725325016768295e+01
-1.361795427761766041e+04 5.594489842004667679e+01
-5.435334583879005550e+03 6.419156076183575976e+01
7.697986949450983957e+03 6.188586983698186117e+01
-8.451342457258673676e+03 3.210198334728084291e+01
-1.135292796867287143e+04 3.178682806432049190e+01
1.473155894987311001e+02 1.638672485468686091e+01
8.316153027388822011e+03 5.897971046485601931e+01
-1.030544219723073002e+04 6.022927125739831666e+01
-3.389871127266782423e+03 5.589353501114319300e+01
-2.461045186912429017e+02 3.026025130864866242e+01
-9.056744840236964592e+03 2.933617056107690146e+01
-1.902872533204353431e+03 6.326722855933551415e+01
8.359616737541979091e+03 3.061980916478796644e+01
9.560574755953175554e+03 3.136106626326657931e+01
-1.035596422615191659e+04 3.123189507595076364e+01
1.134605554598166054e+04 3.187476799208657852e+01
9.874915372483084866e+03 6.711047675988463368e+01
7.749742520155952661e+03 3.231914647437471189e+01
-7.832486624087774544e+03 2.462413704679750381e+01
1.144828748022687068e+04 3.145494376781805457e+01
-8.149895328027676442e+03 3.225529374522238868e+01
-1.404688967830476759e+04 3.425474866373123461e+01
-8.306437247991128970e+03 6.463244494579969057e+01
7.002822235612858094e+03 5.370053383964623350e+01
1.035884330147170658e+04 3.234565294539918767e+01
-7.991589872515528441e+02 5.797063946343481433e+01
-4.587270570956027768e+03 5.794583425114394259e+01
-3.649127869634696708e+03 3.036960532109318933e+01
-2.554435931619021630e+03 3.018748145439154840e+01
-9.015643706631301029e+03 5.441863929628230068e+01
-7.859267387049516401e+03 6.187306106323344324e+01
4.706833532047429799e+03 5.760566578660118608e+01
-1.430678731081984188e+04 5.395266149173145465e+01
-1.094245336302661417e+04 6.399934928600681161e+01
3.000228263169419733e+03 5.683298486568296681e+01
1.149827668080718468e+04 6.168660980460970222e+01
1.031095973155527645e+04 6.473676662865882747e+01
-1.113716030373346985e+04 2.892378033853093200e+01
2.654103739614555252e+03 3.134957769797050275e+01
-3.809593761697786704e+03 6.654655089495543052e+01
-9.116261156285341713e+03 6.261782419563808588e+01
3.051417482046219448e+03 2.948518284065327677e+01
-1.366252294286565484e+04 2.916547072177777622e+01
-1.601970680376222117e+04 5.193069777274632060e+01
1.025211643007337989e+04 3.239111368325964690e+01
4.396500247097783358e+03 5.966467954930940465e+01
1.020266650411882074e+04 6.386190005907911171e+01
-1.096566337483064672e+04 2.558833123024407996e+01
-5.146517626212685173e+03 3.059958778404174140e+01
-1.597709909848564894e+04 5.699793384888906900e+01
-2.147813971586374919e+03 3.252112790693350775e+01
-1.409556886507384479e+04 6.779703545677806176e+01
1.154998920057731630e+04 3.023166603679164055e+01
-8.501720179549936802e+03 5.314372286377420807e+01
4.552305792072668737e+03 3.242092279423014389e+01
-8.926695872059475732e+03 6.636701155640436411e+01
1.160006428108759246e+04 5.977585769707790320e+01
-7.765819957420957508e+03 2.462413704679750381e+01
1.015055007403464879e+04 3.147078637581946126e+01
8.476614380454972206e+02 3.101587494789008659e+01
-8.498653798701990354e+02 3.162443286416764465e+01
4.501017306511088464e+03 6.314031340186602392e+01
-6.152996600549380673e+03 2.996665151260036097e+01
8.207542227945254126e+03 5.359837376053501856e+01
1.694449188460890582e+03 6.295447827220937143e+01
-2.965670282148678325e+02 5.664462242033400940e+01
-8.878977742885654152e+03 6.821900200570370032e+01
-7.444632143932426516e+03 3.081690429307915835e+01
-2.200496491485887873e+03 6.517646065264551680e+01
2.603764533419870077e+03 5.920371624164926061e+01
-5.192489152617436957e+03 5.237997239720093745e+01
-1.394933269348785871e+03 5.638324701039480402e+01
4.144069615591452930e+03 2.560078740750132553e+01
2.050832423465968077e+03 3.101638339114198928e+01
-9.785826712876576494e+03 6.174314870813653755e+01
-6.102996600549392497e+03 5.262497463019323618e+01
-7.737505536854957427e+03 5.603773224391437680e+01
7.248675263636620912e+03 3.147041260707064225e+01
4.448711514421515858e+03 3.071939060763587293e+01
-1.140337391487928289e+04 5.056588307539439597e+01
-9.694100162798406018e+03 6.476411449976085066e+01
-1.060168651692792992e+04 4.730830976449865233e+01
1.165007508050787692e+04 2.954419166028626975e+01
2.637478727005226915e+02 5.636844405913937095e+01
-5.615927401343241399e+03 6.509028184235279468e+01
1.644542890782818404e+03 2.931119847582894167e+01
6.465164012639926341e+02 2.935570009462572827e+01
1.010161246093036607e+04 6.147565565737568960e+01
-1.201542756033096111e+03 5.056370966059324701e+01
4.347788732659521884e+03 2.894528894167353883e+01
1.092647721876816604e+03 5.059522295966039707e+01
-1.151542756033098840e+03 2.858450969832933808e+01
-9.956862299536588807e+02 6.044614301974005599e+01
8.917334733064279135e+03 4.795851174692279528e+01
8.009582983005544520e+03 5.566352147122550065e+01
2.369670625466123113e+02 2.342291485971659526e+01
7.648244429273062451e+03 2.956672336260714928e+01
1.170014421688020775e+04 5.838712287074787355e+01
-1.350689212500161557e+04 5.053335808772573046e+01
3.259926474863252679e+03 2.717403785630281732e+01
-1.129724494756133754e+04 6.185179741313934443e+01
1.005106238688432495e+04 3.000486928155622834e+01
-1.296757677743919658e+03 5.371325501787409706e+01
-7.228103989381881547e+03 6.429174924500334498e+01
-1.089345665486297185e+04 6.351711618338558196e+01
1.192618273495635776e+03 5.824587226929124739e+01
1.104526621658214572e+04 2.628046653077088379e+01
-7.492936073813003759e+02 2.634620659926717323e+01
-9.838820561274695137e+03 2.651889918241923638e+01
1.175006913637052821e+04 2.884293121046160380e+01
1.200025160795720330e+04 5.327539497810017366e+01
1.997870086637255326e+03 5.706384421024458220e+01
-1.653124981148649340e+03 2.986228420683690388e+01
-4.805392177432927383e+02 6.083093338899457336e+01
-9.647094011196530118e+03 2.953986497404355305e+01
8.256536289824722189e+03 2.835990130006804932e+01
-6.992525710179965245e+03 5.902570303979521071e+01
-1.293858672918318916e+04 2.587924831643856294e+01
1.185001066147878009e+04 2.822831264649652994e+01
8.959690928205303862e+03 2.469884194540076905e+01
1.180007979785050884e+04 5.707124385695814084e+01
6.573146186396276789e+03 6.221209319129001614e+01
1.190041721099770984e+04 5.554533195826999048e+01
4.949943072242872404e+03 2.992464915258976887e+01
5.049999999982224836e+03 2.886751345943547165e+01
5.151370207204428880e+03 2.524257330356853046e+01
5.845660873660093785e+03 2.765008006426840836e+01
6.053085900207667692e+03 2.997406779407254973e+01
2.449233567902868799e+03 2.759480686950761807e+01
6.448573449625778267e+03 2.800815542776315681e+01
1.451045897759363697e+03 3.363989198600916808e+01
1.349431793717031951e+03 2.944528886036750137e+01
1.247345869586444678e+03 3.099643068663057832e+01
-1.954392097976295872e+03 2.805805587457431827e+01
-2.252682519899366980e+03 3.265533274571200906e+01
-3.049865885318343771e+03 2.758941340468169656e+01
1.000802543208186876e+03 5.872303745133516628e+01
-5.749895935383655342e+03 2.618611537628659036e+01
7.193423043831705399e+03 5.866126097795265082e+01
-6.748900192923053510e+03 3.178543014917880427e+01
-6.853072199302583613e+03 2.722794957608457267e+01
-2.819490709724643239e+03 6.132327205790803504e+01
-1.270050275017360946e+04 6.234821041247747786e+01
1.075195727849736977e+04 3.110269639519064455e+01
-8.750000000000482032e+03 2.886751345947892489e+01
-1.959595276578530445e+02 4.872444599066766813e+01
1.145272403906304817e+03 2.724944158266066907e+01
2.206856872945485520e+03 5.648835806348028399e+01
-1.174971802728999319e+04 2.962852695402312975e+01
-1.185144396211782259e+04 3.160877515023409146e+01
-1.195053287785145039e+04 2.927916924261718989e+01
-1.235171101173927309e+04 2.815457822536617982e+01
-1.245000000000020918e+04 2.886751345941895863e+01
3.513161474057446299e+01 5.323214895094583454e+01
1.195040654951833130e+04 2.731701931177346410e+01
-8.958898866394802099e+03 2.508246873520540632e+01
-2.951003228558186038e+03 2.672424176848771538e+01
-1.024947797107919359e+04 2.899737618144754592e+01
-1.414867918676920272e+04 3.354228679304683425e+01
-7.912435823298384094e+03 5.932120573459274482e+01
8.828526771523080242e+03 6.130610888533279734e+01
-3.504625095236061156e+02 2.638437111168535054e+01
-3.527813561906650193e+03 6.206005138923550390e+01
-1.124431697888877534e+04 3.006496934881885252e+01
5.345523058019570271e+03 2.746792104418592473e+01
-6.347584712892524294e+03 2.703184822092072181e+01
6.902640899784474641e+03 5.912869696002437792e+01
-8.403196314134331260e+03 5.833262116032969402e+01
4.999943072242793278e+03 5.879216261202524407e+01
5.101370207204506187e+03 5.411008676300400566e+01
7.144747780173906904e+03 2.719084837088200857e+01
1.400477691479612986e+03 6.308518084637666590e+01
1.296777663306520935e+03 6.044171954699807969e+01
-1.164791228313628562e+04 2.751090368994633550e+01
-8.600269168003327650e+03 5.161194216741913721e+01
2.948810781112757468e+03 2.734780202502969360e+01
1.114548314978503004e+04 2.873725989579311957e+01
-1.205040530559060608e+04 2.627996579840734626e+01
-3.200253790957063757e+03 4.812824924397718718e+01
-1.065233933143538707e+04 2.533510551876423733e+01
6.617368903190764286e+03 5.901464784330395474e+01
-6.801972392226091870e+03 5.901337972526337694e+01
-1.004842975951494191e+04 2.770045804665074130e+01
-1.169763031042599323e+04 5.713943064396946880e+01
5.388861678442447555e+03 5.880174560281872687e+01
-2.771307692361604040e+03 6.018657861593283087e+01
-3.558886421954280650e+03 2.440251076113078099e+01
-3.150253790957068759e+03 2.655525776968342555e+01
-3.856859582576428238e+03 2.719590073952187126e+01
-1.180116198940753566e+04 6.123730210425721765e+01
-1.190197683996900014e+04 6.088794439285127424e+01
-1.240171101173924399e+04 5.702209168478513135e+01
-1.355543133475216200e+04 2.677942769826890057e+01
2.549660793797020688e+03 2.785413854367876141e+01
-4.687953675709625713e+03 5.830073612772374503e+01
-8.047802692889085847e+03 2.676189765137881338e+01
-2.856311864650692314e+03 2.398504802155743221e+01
1.119091101546579739e+04 5.816124642238929709e+01
2.704540530373798902e+03 4.985426894614568027e+01
9.959370502520370792e+03 2.392524228093213523e+01
4.897624932968242319e+03 5.699831643591051034e+01
4.847681860707832129e+03 2.707366728332073436e+01
-5.654811376118906082e+03 2.451658017611736895e+01
2.498894361707646112e+03 5.544894541318637948e+01
-8.649891445712060886e+03 3.057020265092576849e+01
-6.576324467549208066e+02 2.446091827092539361e+01
5.895660873660021934e+03 5.435156684891847334e+01
-6.509085158629338366e+03 6.037204532018757419e+01
6.003085900207753184e+03 5.667555457872261826e+01
-1.075342726110691183e+04 2.687409753562763726e+01
-3.000869113876729443e+03 5.431365517316941549e+01
5.931540726936145802e+02 5.389671390963093245e+01
-2.305549835571984204e+03 5.914207187236872443e+01
9.349236787484091110e+03 2.656586453110118029e+01
-3.608014291589215645e+03 5.477211608222396677e+01
7.595231955095568082e+03 5.600903086082480087e+01
-3.480765425142789809e+03 6.238026429226545133e+01
5.949999999980808752e+03 2.670148678465006142e+01
6.396476567850470019e+03 5.483703851936687101e+01
-4.644407362609820666e+03 2.529337414467622125e+01
6.799490409987528437e+03 5.014838163884062539e+01
-2.352867315672464429e+03 2.648673912665671537e+01
2.398364617150235972e+03 5.320608281846751453e+01
-1.257581357854258385e+04 6.091383136388014918e+01
-1.702998353900856500e+03 5.373338464743064691e+01
-8.998653798701963069e+02 5.594218246521844407e+01
-8.844514070554321734e+03 2.693445918450473542e+01
-3.958343004305913269e+02 4.900592541406795277e+01
-8.351853856876165082e+03 2.623063781304885467e+01
-6.297584712892518837e+03 4.625823143786616498e+01
-2.097835569257213137e+03 5.422590533800833867e+01
9.452491903437359724e+03 2.858059804756881661e+01
-1.210135341078493366e+04 5.270343122574373496e+01
6.542096233437459887e+03 2.436358933346478395e+01
-5.799275254196448259e+03 5.316847581518167232e+01
5.789991979064544466e+03 5.269815474166446023e+01
6.347903118204781094e+03 2.682888309160371421e+01
6.849633313245813952e+03 2.728647138059449517e+01
-1.254328113199227846e+04 2.467804470386838034e+01
-6.901568651051569759e+03 5.149019203394107791e+01
1.501045897759245463e+03 5.692038861225574209e+01
-1.485065291849300593e+04 2.581429979750072334e+01
-1.262095339055918703e+04 6.117870106086339632e+01
-4.845021443635649121e+03 2.509934727436930757e+01
-6.234051539091491350e+02 5.564959457915659868e+01
7.546987525800695039e+03 2.644230749821765514e+01
1.947037663166124503e+03 2.604746081910259292e+01
2.895927081995838762e+03 5.117942478155166697e+01
-6.003446343169463944e+03 5.559260238493038742e+01
5.199059775589891615e+03 4.578096627611864022e+01
-2.741462180620991148e+03 2.284835457958223515e+01
4.244277898635261408e+03 2.783734138259559998e+01
-7.258465326991939037e+03 2.330726916710203511e+01
9.153350892189482693e+03 1.970999414297058294e+01
9.401728690937039573e+03 5.514646257866999690e+01
-1.230267881420176673e+04 5.368627923105043465e+01
-1.200093818344178908e+04 5.555913504102453970e+01
1.047375317967788988e+03 2.334578137699973510e+01
-6.699123523088776892e+03 5.347508532236233947e+01
-4.887784651956056223e+03 5.778457620651476390e+01
2.349131049240147149e+03 2.561127594895990001e+01
6.103085900207584018e+03 4.745701461112893327e+01
-2.004413695647128407e+03 4.976283330564914564e+01
-3.445171618523757843e+03 2.472272366416071421e+01
-1.019799930085780215e+04 5.631867667707057734e+01
1.099446537022650045e+04 4.592863743522845965e+01
-9.499999999999372449e+02 2.431774960105079231e+01
8.151005938098071965e+03 2.523847246046696569e+01
1.080738615041722915e+04 5.654965532786504667e+01
9.928977154694979617e+03 5.850752927490827204e+01
1.070117036300855580e+04 5.514287267585076080e+01
-1.000257258252144493e+04 5.291230814955552120e+01
5.466376714280546594e+02 2.454101381500521128e+01
8.857643804840385201e+03 2.325966980152202268e+01
-5.849379318812407291e+03 2.698236043889508196e+01
-1.040596422615192023e+04 4.887028341243214413e+01
-5.423325193286061108e+01 2.433679006232189934e+01
-1.085000000000034379e+04 2.510609812762284676e+01
-1.465000000000007458e+04 2.539478156202263293e+01
-1.265508761067554587e+04 2.494291440085162037e+01
-1.009695108929354501e+04 5.502175854227377272e+01
1.109074936637257633e+04 5.501772642656400336e+01
7.094562429268964479e+03 4.904915663109835577e+01
-1.395363123906901455e+04 2.524595469636565781e+01
-1.454879635322386639e+04 2.550563862891304368e+01
3.104407369953671150e+03 5.727046124148267126e+01
9.298103682768509316e+03 5.172364350990898174e+01
3.152989887896471828e+03 2.778527840082939449e+01
-1.475271970763510581e+04 2.777754391629352426e+01
-9.954142823006901381e+03 2.521185010290477635e+01
4.798793788093871626e+03 4.944819274688939004e+01
-6.948496451748526852e+03 2.426224245785650524e+01
-3.100119676275617621e+03 5.414467117436512211e+01
-9.302978319004969308e+03 5.520527938153253444e+01
-1.314980769924090600e+04 2.419272639442071338e+01
-1.400052091737364572e+04 5.950070336009688532e+01
5.744331105385489536e+03 2.504807467739604832e+01
-1.391756532179127134e+04 5.992142949833555576e+01
4.292066631311370656e+03 5.678263032426914236e+01
8.102153601806254301e+03 4.609663057100576822e+01
-1.225096780246274102e+04 2.553170100568425482e+01
1.040884330147201399e+04 5.024197051755276533e+01
-1.448175591604777992e+03 2.464919195478462299e+01
-6.202996600549368850e+03 4.919303472954580769e+01
-1.159456691865563880e+04 5.165197182995215286e+01
-3.908132929816617889e+03 4.560287120165531860e+01
6.294505081101623546e+03 5.019962720911026821e+01
-8.000124419892378683e+03 4.883417936953562588e+01
-9.252085672632836577e+03 2.413878692722799357e+01
9.248866895268229200e+03 2.515777897880780145e+01
-9.593181822676417141e+03 5.404631090825625961e+01
-4.453717909069584380e+02 2.262155430238260578e+01
-1.070576659254194601e+04 5.220920305439187814e+01
-1.749873372752093701e+03 2.387110044059374658e+01
-1.480337262612803352e+04 5.359184371379424761e+01
-5.050319006558912406e+03 2.355916989231474190e+01
-5.704707311502940684e+03 5.070269555240395221e+01
-6.555194693179370915e+03 2.611668116534834283e+01
-8.699891445712055429e+03 5.943771611040469338e+01
-4.245318061739172663e+03 2.237877647038583007e+01
4.966376714281914246e+02 4.383101271852755332e+01
-9.546087811480312666e+03 2.450644593421270301e+01
-2.405206158850632619e+03 4.728710068870207550e+01
1.549999999996442966e+03 2.328049662624657401e+01
-1.014852132977899601e+04 2.732130049562303142e+01
4.083249124997305444e+02 5.169912627475765277e+01
-1.459879635322385002e+04 5.090042019093567660e+01
-1.304529910865720943e+01 5.718441156534550629e+01
6.246601962877089136e+03 2.337074411750655756e+01
7.497527806446597424e+03 4.846559138393146782e+01
2.847116300873175078e+03 2.383162275652196982e+01
-1.470271970763509489e+04 5.317232547831616074e+01
-1.154665463551964785e+04 2.414106814000581380e+01
-9.211601988681219154e+03 5.742044056178917799e+01
-7.349207236321838536e+03 2.155846435437715414e+01
-1.514799215224458203e+04 2.110354178208190135e+01
-1.519585045908149004e+04 4.204304120645078768e+01
-1.524785830683696076e+04 2.093949942436888634e+01
-1.310310242134216787e+04 4.689371281381730938e+01
-1.529570065142521526e+04 4.181935970026622584e+01
-1.534784234458830178e+04 2.087986027589733240e+01
-7.393839380254757998e+03 5.237536864745631959e+01
-1.539568276065055579e+04 4.171251508166818667e+01
1.896807870561699019e+03 4.782114233732399811e+01
-1.544784041606229403e+04 2.083265480577085427e+01
-1.325129774799344887e+04 2.441017449786939153e+01
-1.549568057429315195e+04 4.161958909871969325e+01
4.044191005994336592e+03 2.411683829213609087e+01
-1.554784015823089248e+04 2.078693429294884254e+01
-1.559568025753598522e+04 4.152832964416959527e+01
-1.564784009930512002e+04 2.074139535122075628e+01
2.300138478622249750e+03 4.669742952931178337e+01
-1.569568016337719928e+04 4.143727820002425233e+01
-1.574784006407209927e+04 2.069588284880349605e+01
-1.579568009574534335e+04 4.134626119996772786e+01
-6.049999999999606189e+03 2.265832311759287521e+01
-1.584784003167325682e+04 2.065037835116423182e+01
-1.589304133046448987e+04 4.122433921854736383e+01
-1.594520129879123851e+04 2.057396086738313556e+01
-2.651416659164426164e+03 2.056991780209824583e+01
-5.096836632771936820e+03 5.415875767635647975e+01
6.749857096721169910e+03 2.286191025824613021e+01
-6.650223330165277730e+03 2.168965517318354230e+01
-7.647754709808650659e+03 2.375117517248908783e+01
-4.492863208345900603e+03 5.457989972286302560e+01
5.247689568367451102e+03 2.053839297255010621e+01
4.751111927368660872e+03 2.237452546356865568e+01
1.094919915363835207e+04 1.964817090445756875e+01
-1.249999999999919055e+03 2.197919996226391603e+01
-1.490082671811714863e+04 4.623786212447618027e+01
-1.335047544016381107e+04 2.253918465882166444e+01
-2.907315093209071620e+03 5.070928979004514758e+01
-4.288948177922544346e+03 5.309029259253608046e+01
-4.449999999999700776e+03 2.192743961639530781e+01
1.085542887191266345e+04 2.544695893267440212e+01
7.450540280624250045e+03 2.202328388571381268e+01
1.079259180819314139e+02 3.677125230260909206e+01
-6.605418023345087022e+03 4.780633633853188513e+01
5.693154194669757999e+03 4.652643471320815394e+01
-1.215094810519458588e+04 2.642346542733639225e+01
-1.220191590765707224e+04 5.195516643302064352e+01
-1.449627216917923761e+04 4.915241323223298053e+01
-3.249999999999782176e+03 2.157299147429376163e+01
-3.294699508742800845e+03 5.274380282127624042e+01
1.064921308450339166e+04 2.404017628066011980e+01
-2.605852590783620599e+03 5.075739925648979778e+01
9.115290499529357476e+03 4.521455799966529554e+01
-7.686106955909359385e+03 5.516477036960596791e+01
1.594542890782985296e+03 5.259169510207551212e+01
-7.069260541362679078e+02 5.080712487019255974e+01
-1.305329472210145286e+04 2.270098641939659956e+01
7.049814649074039153e+03 2.185830826021635076e+01
1.054867002616835271e+04 2.211346949113639582e+01
-1.054934718549290301e+04 2.197320424573441144e+01
-1.444747581595546944e+04 2.364677460331993686e+01
6.652985616898508852e+03 2.116614398547872966e+01
-2.050021597670699975e+03 2.170477743107483093e+01
-1.330177318815707986e+04 4.694935915669105952e+01
1.001043288941668834e+04 5.393011156248835647e+01
-1.320110544723416933e+04 4.860290089229010846e+01
-5.245971526404405267e+03 2.178038461315919960e+01
-1.504892992951611086e+04 2.112763066464122019e+01
2.251007429375420088e+03 2.108615358035187981e+01
-1.345146079024962091e+04 2.375393038945682633e+01
4.499999999988381774e+02 1.928999890352234559e+01
8.051147663685635052e+03 2.085815811053879898e+01
5.648823089265464660e+03 2.147836003581210562e+01
6.702842713640064176e+03 4.402805424372485987e+01
1.090462802555761664e+04 4.509512983713197087e+01
-7.952321727003552951e+03 2.207228171815681250e+01
-8.794514070554323553e+03 5.580197264398365320e+01
6.196601962877164624e+03 4.085369093456294110e+01
2.797553091632956694e+03 4.233631400469715089e+01
-9.495813295845158791e+03 4.436442450015235295e+01
3.946694272312583053e+03 2.149973426452261549e+01
1.849770207390812857e+03 2.177368151822139808e+01
1.059788311068013718e+04 4.615364577179651207e+01
-1.080342726110691001e+04 5.198019566325049112e+01
-1.498550089665980067e+02 1.846419468201900216e+01
-1.149710058172606477e+04 4.292012315107971432e+01
-1.340193623041325736e+04 4.629311504827848722e+01
-8.550377722291761529e+03 2.104173951649336871e+01
-2.452338843178007664e+03 2.080036156204535658e+01
-6.249999999999575266e+03 1.922638321694544672e+01
-4.046716908081449219e+03 2.096356562417126668e+01
8.686270913667993227e+03 4.914281032212981160e+01
-3.951273347239930445e+03 1.840697046213345445e+01
-1.495017379962421546e+04 2.042356232697546048e+01
3.850296209115822421e+03 1.900473342209133421e+01
2.750436790750411546e+03 1.850469124817518107e+01
-9.449725484365279044e+03 1.985797856593964994e+01
1.049867002616805985e+04 4.000978706328996282e+01
6.149999999980479515e+03 1.748294681705638354e+01
-1.040882608994640606e+02 4.280098474434090150e+01
8.650237587887133486e+03 1.652800638970165892e+01
1.044999999999071770e+04 1.789631757215357055e+01
-1.049934718549291210e+04 3.961159258221579194e+01
3.896990481443684530e+03 4.050446768661394970e+01
-1.145044594620671705e+04 1.877905501107390407e+01
-1.045000000000037653e+04 1.763838833648138049e+01
-1.435118710084944905e+04 1.959201083721698566e+01
-1.439866291680481118e+04 4.323878544053692252e+01
-3.997990255321645236e+03 3.937053608630471757e+01
6.490669683083306154e+03 5.237174476122794431e+01
5.293212626405191259e+03 4.800631401673603449e+01
-1.249328113199225663e+04 5.354555816328733187e+01
8.615154613735148814e+03 5.002522801608015612e+01
-1.499910372914025902e+04 4.155119299161668067e+01
-5.285629137503078709e+03 5.058081938105656405e+01
-4.091403443088935546e+03 4.998513919305736408e+01
-1.509692208176063286e+04 4.223117244672312154e+01
4.088260621601945331e+03 4.971762569963741640e+01
3.990885278322692102e+03 4.561657255665870281e+01
9.202217787474501165e+03 4.486777312177838439e+01
-7.307672563314263243e+03 4.486573352147919280e+01
-2.692878839785596938e+03 4.341827238168048098e+01
1.842826520458391713e+02 3.980963971440345261e+01
