-120.0
-120.0
-120.0
-120.0
-120.0
-120.0
-120.0
-120.0
-120.0
-120.0
-120.0
-120.0
-120.0
-120.0
-120.0
-120.0
-120.0
-120.0
-120.0
-120.0
-120.0
-120.00000000003
-120.00000000031
-120.00000000274
-120.00000001809
-120.00000008528
-120.00000025061
-120.00000015242
-119.99999739865
-119.99998527463
-119.99995617155
-119.99991727069
-119.99989478593
-119.99988253675
-119.99980246884
-119.99963518667
-119.999530395
-119.99950983068
-119.99929784378
-119.99893934897
-119.99889801554
-119.9989282045
-119.99826107996
-119.99741299496
-119.99749005956
-119.99743386231
-119.9956222919
-119.99358776442
-119.99258353892
-119.9902630265
-119.98641237956
-119.98348913981
-119.9811612249
-119.9790656697
-119.97760234536
-119.97491868076
-119.97161413263
-119.97005108423
-119.96774659816
-119.96344294093
-119.96194525972
-119.96357050863
-119.96168723524
-119.95466937383
-119.94677989931
-119.93823752834
-119.93174872851
-119.93509211263
-119.94157331506
-119.94620923929
-119.95361416411
-119.96048030055
-119.9820953281
-120.0141019962
-120.03196466289
-120.05335563717
-120.07753885474
-120.05336781729
-120.10066675383
-120.28172793226
-120.45912420811
-120.37053142092
-119.91393691846
-119.96395741396
-119.48517885085
-119.98187718406
-120.25583867558
-120.47248127225
-120.07596119895
-120.26754232613
-120.10491787861
-119.83730084267
-119.98463711915
-120.39422669725
-119.87060714498
-120.02240033716
-119.84894074042
-120.43664666857
-119.92702042881
-119.94050661659
-119.99423763106
-120.21785563953
-119.89906092688
-120.00023850962
-120.01838166321
-120.08041105506
-119.97017825945
-120.01083420745
-119.92764118855
-120.10255325036
-119.89029438459
-120.00956877197
-119.87342347526
-120.15339009061
-120.04618849753
-119.96993223156
-119.93681356782
-120.16975648863
-119.89798908465
-119.89978396916
-120.16929907807
-120.02854044461
-119.8158932412
-120.05503160374
-120.14489526052
-119.9263942106
-119.88480285119
-120.25165689535
-120.05359867314
-119.87231500426
-119.99255837951
-120.09712205914
-119.97291335779
-120.11419788178
-120.04780494019
-119.96375673664
-119.80562960524
-120.0105996818
-119.93275577101
-119.82708346572
-119.82262083119
-120.03748466139
-119.91203255853
-119.85188494308
-119.91238360434
-119.98798495217
-119.97396186298
-120.02189289936
-120.02913308137
-120.04301805848
-119.7854356474
-119.88145477087
-119.96934605522
-119.93981467087
-119.83452717396
-120.04515725914
-119.93804735806
-119.95712854688
-119.90221954632
-119.91833835619
-119.87942107673
-120.03663886138
-120.10173751935
-120.12139438925
-120.01926750803
-120.10248545703
-120.15968878941
-120.2288019926
-120.21013281131
-120.25889325464
-120.17633365512
-120.23265546412
-120.18487322608
-120.25346189457
-120.31042829782
-120.51322824037
-120.52355105141
-120.56720265782
-120.46691434951
-120.35309910424
-120.39279048606
-120.63278249616
-120.5044896462
-120.39215287942
-120.54299123819
-120.69669391297
-120.55836325887
-120.5937538859
-120.69563582695
-120.74005640769
-120.64662102411
-120.67855705248
-120.650335951
-120.69634939246
-120.65345923054
-120.74769857218
-120.82621961399
-120.75861059804
-120.7298041542
-120.93313896339
-121.03729805543
-121.03861475348
-120.93036282507
-120.83705856339
-120.68205916267
-120.69337737777
-120.81352595794
-120.94079049766
-121.00991479465
-121.16554068308
-121.26376751403
-121.27659009794
-121.20001168233
-121.05761374074
-120.93205619831
-120.86949973337
-120.8149094126
-120.90295316658
-121.01863617803
-121.10166056291
-121.14060362655
-121.19948643626
-121.28524404032
-121.30589134259
-121.30100644893
-121.32835738449
-121.30091143593
-121.23756062629
-121.23590727404
-121.24268860922
-121.24301037239
-121.30326977529
-121.39886017354
-121.43508300278
-121.43319408369
-121.47658856465
-121.50209470081
-121.48268179221
-121.48109866148
-121.39339534232
-121.32036011459
-121.3200239852
-121.41761697273
-121.48471310722
-121.45531312031
-121.43094150582
-121.4987609502
-121.54809002803
-121.57177433748
-121.53779216321
-121.56584371624
-121.63461562083
-121.6461690799
-121.67052525896
-121.78641358859
-121.8005286405
-121.77182384264
-121.74595292342
-121.7080738631
-121.58999199186
-121.52418599969
-121.5289017217
-121.56508477121
-121.6275918153
-121.80485822659
-121.89414490301
-121.87844778488
-121.86810294278
-121.91639635759
-121.92902280474
-121.91824167478
-121.8913805967
-121.86541617125
-121.7733840627
-121.75442026357
-121.77871832162
-121.8303745493
-121.89069087933
-121.92443844579
-121.88742518133
-121.87549331603
-121.87898024944
-121.91884825611
-121.92155424809
-121.91976244524
-121.96133236884
-122.04586001319
-122.06338843075
-122.03313660426
-121.97995991147
-121.98559075719
-121.9875484802
-121.96854631145
-121.93479147803
-121.92856613882
-121.9273946606
-121.92818833813
-121.93842459434
-122.00231691785
-122.06066066564
-122.12325909913
-122.15744130304
-122.16810473202
-122.14801058947
-122.12496344944
-122.11699923119
-122.16453017733
-122.23689059762
-122.26564445841
-122.1380506002
-121.97854095049
-121.98139783315
-122.08652847773
-122.10257419067
-122.07881375817
-122.14570336772
-122.27537929394
-122.3261752371
-122.33621924091
-122.36548123721
-122.34097816
-122.23129938643
-122.19843076494
-122.28905864868
-122.30961065065
-122.19121722468
-122.11875696618
-122.12535173298
-122.1208254739
-122.13204984687
-122.19829775906
-122.25539635063
-122.27018855382
-122.24673075182
-122.1914457471
-122.15365944966
-122.19902896369
-122.31417317184
-122.40660765284
-122.43880353455
-122.44438948292
-122.45364209479
-122.46476546653
-122.47495682626
-122.4839895335
-122.47688427386
-122.44463684772
-122.41243475446
-122.38349272941
-122.38877095549
-122.46558564097
-122.5741779966
-122.59603401142
-122.49358453199
-122.34841821403
-122.2404661504
-122.16802550014
-122.14345451588
-122.18743150407
-122.3037378997
-122.44134918741
-122.53900768732
-122.56872578243
-122.56538609604
-122.54317902091
-122.51283213452
-122.5025680068
-122.52479379186
-122.5052591588
-122.40639672668
-122.28842695226
-122.22961766207
-122.21377131225
-122.21214752015
-122.24005569502
-122.3128575029
-122.38576591241
-122.43301934178
-122.45366948573
-122.47159888231
-122.45783971385
-122.3846677082
-122.30886424122
-122.28318280396
-122.26388822086
-122.23293505416
-122.19373836257
-122.17997480412
-122.20277484699
-122.21586080742
-122.19874758025
-122.19757054223
-122.22775865083
-122.23929577427
-122.19212033015
-122.17625854386
-122.24393980658
-122.35703733046
-122.42015368702
-122.44987672856
-122.45926139744
-122.4791911716
-122.49437905695
-122.53723678576
-122.59434081754
-122.61083304618
-122.55363133923
-122.47019697858
-122.41264295027
-122.40752044462
-122.4133989665
-122.42831781941
-122.45758573605
-122.49171895441
-122.49250642129
-122.46178071935
-122.41036075625
-122.38166989553
-122.3784384945
-122.35500711262
-122.29091466486
-122.23665974539
-122.20379463814
-122.20403565598
-122.25583065509
-122.36830531739
-122.49216937541
-122.59578604299
-122.69289488971
-122.77825789821
-122.81475285443
-122.78870676285
-122.74693153138
-122.68600445084
-122.6208144754
-122.56929831633
-122.50035968955
-122.40514578872
-122.30873055064
-122.22422799047
-122.15209947652
-122.11928493292
-122.16307198171
-122.34730463619
-122.69430837753
-123.12952353551
-123.54128575186
-123.84124991149
-123.98896852793
-123.97843199805
-123.85992317196
-123.69589936941
-123.56001095066
-123.49475921413
-123.48348344744
-123.45735227329
-123.36611563962
-123.24517267579
-123.14922933445
-123.09055653952
-123.07571088823
-123.10844621279
-123.17657653212
-123.24665766298
-123.28371248679
-123.28643712729
-123.26762133036
-123.26625329984
-123.29791241418
-123.32742039501
-123.34100364275
-123.30537403116
-123.23376569198
-123.13757831247
-123.05036855797
-122.96747828033
-122.93641317567
-122.96239023021
-123.01300180716
-123.07661831766
