-120.0
-120.0
-120.0
-120.0
-120.0
-120.0
-120.0
-120.0
-120.0
-120.0
-120.0
-120.0
-120.0
-120.0
-120.0
-120.0
-120.0
-120.0
-120.0
-120.0
-120.0
-120.0
-120.0
-120.0
-120.0
-120.0
-120.0
-120.0
-120.0
-120.0
-120.0
-120.0
-120.0
-120.0
-120.0
-120.0
-120.0
-120.0
-120.0
-120.0
-120.0
-120.0
-120.0
-120.0
-120.0
-120.0
-120.0
-120.0
-120.0
-120.0
-120.0
-120.0
-120.0
-120.0
-120.0
-120.0
-120.0
-120.0
-120.0
-120.0
-120.0
-120.0
-120.0
-120.00000000002
-120.00000000009
-120.00000000041
-120.00000000176
-120.00000000692
-120.00000002484
-120.00000008112
-120.00000023946
-120.00000063494
-120.00000150121
-120.000003137
-120.00000573291
-120.00000905119
-120.0000121892
-120.00001389559
-120.00001362405
-120.00001241545
-120.00001193919
-120.0000118118
-120.0000089721
-120.00000223716
-119.999996874
-119.99999997598
-120.00001122956
-120.00002634482
-120.0000491697
-120.0000843232
-120.000120341
-120.00015176766
-120.00020443428
-120.00026394256
-120.00019838015
-119.9998973957
-119.99947358819
-119.9991075686
-119.99875193804
-119.99834899292
-119.99823021944
-119.99873642135
-119.99954455537
-120.00002745821
-120.00009339751
-119.99999920982
-119.9997341735
-119.99929497548
-119.99902487172
-119.9990053004
-119.99862999837
-119.99738583784
-119.99586738485
-119.99556491839
-119.99735777173
-120.00041473949
-120.00284197254
-120.00300531846
-120.00045248831
-119.99671875134
-119.99460694216
-119.99514158586
-119.99639485792
-119.99650589037
-119.99584978356
-119.99549079749
-119.9958209835
-119.99687870855
-119.99804200524
-119.99787486229
-119.99607149087
-119.99488082729
-119.9959161908
-119.99646552312
-119.9939657506
-119.99185810426
-119.99349814447
-119.99529853476
-119.99395991639
-119.99262860981
-119.993262763
-119.99201746111
-119.98818569101
-119.98887662277
-119.99969892566
-120.02246555358
-120.06204436078
-120.11269764303
-120.14354793568
-120.13331760708
-120.10733087716
-120.09872832622
-120.10429661455
-120.11378733399
-120.12937167415
-120.15062554818
-120.17724620956
-120.20425494952
-120.22100100134
-120.19487844648
-120.09086254851
-119.96918776086
-119.88710419235
-119.78221978976
-119.64305812019
-119.53729088775
-119.48189828236
-119.44109483471
-119.35129477374
-119.20267024762
-119.08352472357
-119.0609595487
-119.09125856762
-119.15386693212
-119.38500139135
-119.71652335365
-119.4403046805
-120.31774679647
-120.93956545474
-120.58703773651
-120.75745351357
-121.66959189971
-121.95562996117
-121.70138231644
-121.91966466632
-122.36990510224
-122.93961612417
-121.91562999972
-122.5591917164
-123.04819505337
-122.69673051554
-122.32889551924
-123.32519216054
-122.53506247204
-123.01543536632
-122.51870446594
-122.53129952608
-122.42729047129
-122.48361799461
-121.96994931101
-122.20869895607
-122.00234792643
-121.85065845418
-121.92717836271
-121.53996025875
-121.415732447
-121.50291667223
-121.03963593797
-120.98502935616
-121.21718418879
-120.52642730838
-120.56290932096
-120.54138675981
-120.23194827593
-120.22453959441
-120.23651072728
-119.90346970327
-119.84392579364
-119.36843654169
-119.47041599991
-119.52752385683
-119.08953968226
-118.92455510671
-119.22960818653
-119.06392758146
-118.69765497012
-118.68193458355
-118.70135683954
-118.52499568373
-118.4196453918
-118.33497783699
-118.20130265923
-117.8901932746
-117.9205258634
-118.01248240734
-117.88876759866
-117.69334070378
-117.80717851369
-117.77070077935
-117.46833746262
-117.43471506423
-117.45769265168
-117.26088435527
-117.17401825824
-117.08396245059
-116.98503131905
-117.0178844937
-117.02560561141
-116.80982174135
-116.72047592868
-116.78376011133
-116.78762725474
-116.65138668743
-116.47607946688
-116.52365476667
-116.48823490975
-116.2559983423
-116.24698298728
-116.38704225831
-116.22997508451
-116.16548387374
-116.14869696241
-115.98017056534
-116.11984982093
-116.21949870261
-115.95696225129
-115.95235986743
-116.1965325995
-116.1462449758
-116.00086945186
-116.08747432739
-116.16292049811
-116.04165294561
-115.95370410153
-116.17344057603
-116.22530303846
-115.95411742684
-115.91460034446
-116.05248353871
-116.00634119219
-115.87113930476
-115.93368312932
-115.98395395463
-115.7870394404
-115.63821569771
-115.867807201
-115.94832972368
-115.80593378416
-115.76061461618
-115.8095657685
-115.86988584256
-115.87677644355
-115.8067149143
-115.8728611044
-115.96341879588
-115.80827062786
-115.71276246586
-115.79654890571
-115.86088188224
-115.78127056435
-115.61999222639
-115.64363187289
-115.71980869692
-115.61140804378
-115.55158052224
-115.63504345922
-115.73122050432
-115.75000857307
-115.80610543756
-115.92389672753
-115.85992192395
-115.65255290969
-115.62923906429
-115.71535217357
-115.68281351107
-115.55387103494
-115.57155591165
-115.70846222294
-115.70348281015
-115.63617345637
-115.64518640735
-115.6693202972
-115.70755339193
-115.79806646037
-115.92125898866
-115.87236585957
-115.73910056945
-115.88574088041
-116.18568472603
-116.40141543921
-116.65702065347
-116.95402502708
-117.00706078874
-116.79915380125
-116.5933215709
-116.49250324571
-116.43042828922
-116.36756366836
-116.26092535644
-116.1665435374
-116.12622845796
-116.13334785936
-116.18059872774
-116.10591676103
-115.92893881438
-115.89801060057
-115.97138515184
-116.0167090292
-116.0707398865
-116.09829737028
-115.97098655668
-115.7086326887
-115.54915764825
-115.54915116385
-115.5089868257
-115.40368701856
-115.30136022096
-115.1734086953
-115.06266105714
-115.02758102612
-115.05559041735
-115.0811091326
-115.08671379492
-115.20982417785
-115.45707009074
-115.65478532961
-115.6577845855
-115.47805642424
-115.43241066755
-115.61175399747
-115.72514912046
-115.70534373406
-115.63632179193
-115.44515133194
-115.11895586663
-114.87967190021
-114.87169899589
-114.92438502614
-114.85111389554
-114.75382486336
-114.70712089785
-114.57747991
-114.45735180471
-114.52382205679
-114.66068473337
-114.7286207452
-114.7146481457
-114.66254880588
-114.61700642701
-114.61361516613
-114.6897840288
-114.89446861348
-115.12283227356
-115.25341182157
-115.24739511126
-115.19950910788
-115.22233028391
-115.33052238072
-115.42946989508
-115.44953660393
-115.46853607745
-115.5520955869
-115.59575495147
-115.47422608669
-115.29222961734
-115.36016555532
-115.68958647928
-115.86482800827
-115.75165865503
-115.50174044829
-115.25143999106
-115.14911148763
-115.3077123613
-115.71848930001
-116.34004677612
-116.85798506272
-116.87291617019
-116.28135623387
-115.52248106898
-115.16661565448
-115.22220885786
-115.41930212891
-115.52995379883
-115.37693318574
-115.2474336373
-115.21454650492
-115.19608192133
-115.17603512625
-115.19164152091
-115.16923999095
-115.22184774828
-115.22117113181
-115.29742482674
-115.49082941999
-115.74921031127
-115.9279308585
-115.92749953314
-115.7620861282
-115.49932358321
-115.20476314352
-115.00542165083
-114.96261971371
-115.16728253046
-115.44587188336
-115.66579863981
-115.8648634826
-115.88678229334
-115.67241096348
-115.45611415446
-115.38698802698
-115.4340996388
-115.5935183652
-115.76042950039
-115.80899296616
-115.76904047816
-115.66789939919
-115.51697480663
-115.39350338803
-115.40248373707
-115.4918802691
-115.6347291183
-115.81045649516
-115.90083321225
-115.83620424281
-115.61492197051
-115.34130913813
-115.08827613954
-114.95581158098
-115.09677183025
-115.36612281885
-115.54608366591
-115.63083324602
-115.71596169067
-115.84015638813
-115.92253842043
-115.87139961933
-115.7999341116
-115.80342133478
-115.75768026713
-115.53346699734
