0.0
0.0
0.0
0.0
0.0
0.0
0.0
7.206224592610599e-148
1.240386844298e-137
1.9154488955274e-129
1.741094234108e-122
2.2105403736861e-116
6.4353554008808e-111
5.9109421502244005e-106
2.1350010572751998e-101
3.5540459401733e-97
3.0673289287554e-93
1.5007990636096e-89
4.4623178414129e-86
8.5209800705914e-83
1.0932795473280999e-79
9.7879862081795e-77
6.3148208492118e-74
3.0187752666317996e-71
1.0956733011663002e-68
3.0848932907147e-66
6.8673334714217e-64
1.2294644888232e-61
1.7974393358279001e-59
2.1756047143781e-57
2.2075333618948e-55
1.89917274958e-53
1.399784660006e-51
8.923736729700799e-50
4.9643278065086e-48
2.4298281594695002e-46
1.0544725723368e-44
4.086773758782699e-43
1.4241897986426e-41
4.4913254556305e-40
1.289410193804e-38
3.3884416207991996e-37
8.1911342811388e-36
1.8293262798453e-34
3.7879567842171e-33
7.293416445674201e-32
1.308595442164e-30
2.1912337373250998e-29
3.4278286699074e-28
5.0127587470247e-27
6.8556629839259e-26
8.7718743944345e-25
1.0504716418107999e-23
1.1781008531957e-22
1.2383774653395e-21
1.2210103177324e-20
1.1269642843804e-19
9.5645929365854e-19
6.7480376936639e-18
1.7359837279351e-17
1.2077789580914e-17
-1.5522501373509e-17
-1.9354575586237e-16
-1.1962983423846001e-15
-6.6621724747249e-15
-3.5072594526179995e-14
-1.7459199842547e-13
-8.1599711332755e-13
-3.5525124125625995e-12
-1.4304771623280001e-11
-5.2951293720936e-11
-1.7924635137886e-10
-5.5233820778392e-10
-1.5428832519476e-09
-3.8920292950725e-09
-8.8360783059513e-09
-1.8007082648937e-08
-3.2905230522021e-08
-5.4023537512307e-08
-8.0279610327421e-08
-1.0967367357974e-07
-1.4118762409872e-07
-1.7622589798071e-07
-2.177408427829e-07
-2.680755249556e-07
-3.2894690820325e-07
-4.0379867409959e-07
-4.9791759789943e-07
-6.1551087091108e-07
-7.6086620003686e-07
-9.4472673125271e-07
-1.1847520351964e-06
-1.5009436967982e-06
-1.9243348719359e-06
-2.5062692362433e-06
-3.2819508941855e-06
-4.2055261559411e-06
-5.1466861597504e-06
-5.9497807113509e-06
-6.4517610956322e-06
-6.4828679161397e-06
-5.9859604666061e-06
-5.1550981955374e-06
-4.3246305291936e-06
-3.6882694306079e-06
-3.2180084906044e-06
-2.8141261841367e-06
-2.3876409022364e-06
-1.83369818021e-06
-1.1010489120136e-06
-3.2543810016488e-07
2.3824064713355e-07
5.2763516247609e-07
8.4671196370926e-07
1.5609668918596e-06
2.6329789334138e-06
3.5974714334604e-06
3.9509495514562e-06
3.5397127213914e-06
2.7719235630174e-06
2.3989540025059e-06
2.7527168402093e-06
3.3285377892237e-06
3.4479796467631e-06
3.0377742211609e-06
2.4715675172385e-06
2.056786290593e-06
1.9117732916169e-06
1.9615953692731e-06
1.9095442911423e-06
1.573407541223e-06
1.2905174701922e-06
1.4208575210455e-06
1.4608051971458e-06
6.5503990212593e-07
-5.9213361260044e-07
-1.3837358514315e-06
-2.1228408897233e-06
-3.720499078273e-06
-5.486798815245e-06
-6.1083266447565e-06
-5.8335292942683e-06
-4.8556387461904e-06
-9.9341025136554e-07
8.5398620346534e-06
2.6349828492051e-05
5.7382814739737e-05
0.0001060864573745
0.0001703126143962
0.0002460380617658
0.0003351428883228
0.0004379108408622
0.0005438390398801
0.0006360016531623
0.0006970172288344
0.0007154263813009
0.0006924900138285
0.0006410972756156
0.0005805795682863
0.0005266663656368
0.0004915384895628
0.0004908054664361
0.0005281966381992
0.0005882288805471
0.0006413707135411
0.0006457508949923
0.0005700476333621
0.0004128686964301
0.0002202781519045
6.4322611697601e-05
-9.0783411571385e-05
-0.0003271116885979
-0.0002998495617166
0.0004616642633545
0.0001250319261798
-0.0048986627692819
-0.0046772735458899
0.027415872469559
0.094185674425034
0.19130926524709
0.29658393618082
0.40416815702527
0.50379558123007
0.59386260701202
0.67226622944731
0.74664621029501
0.81938721538004
0.89020568883949
0.95590490907557
1.0211223653649
1.0851002096651
1.1482542960669
1.209419769719
1.2700018556784
1.3293477038349
1.3885461151904
1.4479338100155
1.504901804267
1.5601439354229
1.6152348184785
1.6696978650809
1.7208870971707
1.772514288176
1.8244366737927
1.8726113977936
1.9204651320928
1.969970667001
2.0174415143032
2.0639401665571
2.1096302972929
2.1542041824725
2.199279457398
2.2428154600963
2.2850001461741
2.328100880595
2.3714443382698
2.4122074254628
2.4526811487898
2.4931028562666
2.5327607192932
2.5710167164215
2.6100152635426
2.648747134577
2.6863135050377
2.7235091303552
2.759962802519
2.7958487011642
2.8311231481945
2.8663547160185
2.9013555690796
2.9366639129388
2.9721004278285
3.0069461622292
3.0406816849563
3.0731844668789
3.105121793864
3.1368166943031
3.1690450042793
3.2008479569274
3.2322282074825
3.2638970376987
3.2953301550479
3.3271754824699
3.3589172752156
3.3895783598875
3.4194450011038
3.4488160680577
3.4783376774715
3.5080992614062
3.5368351209289
3.5652179716432
3.5934669786083
3.6211107597975
3.6479916072434
3.6739145772139
3.6985638667894
3.7230075608058
3.7470979492962
3.7703263198767
3.7932161161454
3.8166710087343
3.8394966588777
3.8618575693984
3.8844460311943
3.9059637780808
3.9263846623473
3.9472455451287
3.9674262982148
3.9861466405714
4.0049695026841
4.0246161697029
4.0437560472728
4.0631602779988
4.0838214881013
4.1037698674151
4.1217241908253
4.1397390633931
4.1585444366447
4.1771561522645
4.1955616074799
4.2143747124072
4.2323292586087
4.2492128974376
4.2668553624372
4.2856123740583
4.3041965575421
4.3225934626329
4.3415203307052
4.3606322178711
4.3788868402476
4.3966422333319
4.4149722041248
4.433424994996
4.4510605678462
4.4681783058055
4.4853784549194
4.5023996048677
4.5191106168894
4.5361061846971
4.553492140365
4.571319782283
4.5897389678994
4.6079987508694
4.6258087776102
4.6434773002122
4.6608111823038
4.6774963036543
4.6938223821668
4.7102902719426
4.7268657062151
4.7435736909741
4.761119605261
4.7789878370195
4.795851770708
4.8119374518779
4.8283577712227
4.8449449906548
4.8607698762067
4.8756613507343
4.8896734035304
4.9019775142173
4.9118239184105
4.9191853055927
4.924618210209
4.9293283337109
4.9346681266381
4.94054480303
4.9456847299041
4.9501686106231
4.9550651411567
4.9605588874331
4.9662785184748
4.9718633683614
4.9772836356947
4.9825174640135
4.9877998632813
4.9939708632181
5.0008998684277
5.0078714740191
5.0153361594458
5.0235786772788
5.0321569391404
5.0410465599457
5.0506899721823
5.0615789407296
5.0736449150469
5.0858913903391
5.0972724499988
5.1079691491043
5.1191888956315
5.131692407056
5.1455746250702
5.1604281123633
5.175496190326
5.1907532007082
5.2071526961928
5.2255234440653
5.2458024722891
5.2669556823073
5.2871841331103
5.3047263351777
5.3190226643106
5.3307460980004
5.3408129974174
5.3501163296901
5.3593372584703
5.3684194158536
5.3770214640078
5.3852054891201
5.3935690710581
5.4028601371527
5.4133054683535
5.4243791949586
5.4354060071254
5.4458195043173
5.4543400670379
5.4597857093209
5.4627584571088
5.4646300465405
5.4661809494654
5.4675863718457
5.4686979305356
5.4694118965337
5.4698744826198
5.470383505012
5.470996099907
5.4713233110856
5.4713934417511
5.4714118765893
5.4714096394325
5.4714198779047
5.4713240140425
5.4711089282698
5.4709679662554
5.471021081186
5.4711540403326
5.4711719771158
5.4710498073359
5.4709014590108
5.4707887747466
5.4708117087375
5.4710250672219
5.4711559669485
5.4709989476178
5.4707849180863
5.4707420764844
5.4707986342524
5.4708371019538
5.4708571327082
5.4708033626111
5.4706380282751
5.4706851125915
5.4708808409432
5.4709051525414
5.4710042855244
5.4711491865616
5.4711009177543
5.470932514068
5.4707546409998
5.4706807387894
5.4707447123436
5.4709216680409
5.4710756953866
5.471143633356
5.4712156578977
5.4712371357862
5.4712013970905
5.4711023403057
5.4709994563297
5.4710111053085
5.4711095175391
5.4711955924255
5.4712229605314
5.4712399923775
5.4712441729714
5.471160454847
5.4710328181953
5.471007109599
5.4710543064852
5.4710854222494
5.4711294946809
5.4712157822431
5.4712815626121
5.4712839951997
5.4712505537185
5.4712055200099
5.4711645885162
5.471161130124
5.4711878904453
5.4712153855628
5.4712346513085
5.4712264467714
5.4711809107026
5.4711339766617
5.471132879907
5.4711640771166
5.4712166262825
5.4713107569513
5.4714074973083
5.4714406181906
5.4714330797149
5.4714318630058
5.4714010425935
5.4713244868051
5.4712259914779
5.4711307396807
5.4710840937349
5.4711117913998
5.4711960677077
5.4713069914774
5.4714219339873
5.4715101139771
5.4715393635289
5.4715359587547
5.4715249080367
5.4714886980622
5.4713987113908
5.4712641910377
5.4711530447775
5.4711216515227
