70.0
70.0
70.0
70.0
70.0
70.0
70.0
70.0
70.0
70.0
70.0
70.0
70.0
70.0
70.0
70.0
70.0
70.0
70.0
70.0
70.0
70.0
70.0
70.0
70.0
70.0
70.0
70.0
70.0
70.0
70.0
70.0
70.0
70.0
70.0
70.0
70.0
70.0
70.0
70.0
70.0
70.0
70.0
70.0
70.0
70.0
70.0
70.0
70.0
70.0
70.0
70.0
70.0
70.0
70.0
70.0
70.0
70.0
70.0
70.0
70.0
70.0
70.0
70.0
70.0
70.0
70.0
70.0
70.0
70.0
70.0
70.0
70.0
70.0
70.0
70.0
70.0
70.0
70.0
70.0
70.0
70.0
70.0
70.0
70.0
70.0
70.000000000002
70.000000000008
70.00000000003
70.000000000118
70.00000000044
70.000000001575
70.000000005408
70.00000001778
70.00000005586
70.000000167361
70.00000047707
70.000001290733
70.000003306553
70.000008002313
70.000018259516
70.00003922043
70.000079224817
70.000150474854
70.000268969796
70.000453445924
70.000723646297
70.00109896562
70.001598757761
70.002244895811
70.003065871912
70.004100888131
70.005402790306
70.007039943672
70.009098275866
70.011685322258
70.014938168175
70.019036222201
70.024217622756
70.030795497353
70.039166888173
70.049802126232
70.063200297189
70.079804753718
70.099889157322
70.12344127534
70.150093051456
70.179165744261
70.209866817823
70.241562525565
70.273957805922
70.307073169416
70.341062947105
70.376004656827
70.411780375594
70.448130272626
70.484849752726
70.521952623091
70.55963764164
70.598101414525
70.637375111491
70.677318330893
70.717802709886
70.758973103053
70.801327714895
70.84546237408
70.891681870377
70.939875367925
70.989804310844
71.041487644062
71.095235861444
71.151321701378
71.209709914688
71.270111126939
71.332253961573
71.396163904128
71.462212273159
71.530833629187
71.602259747964
71.676648758005
71.75432944711
71.835643928857
71.920521496199
72.008414099395
72.098803828418
72.191723698868
72.287741920551
72.387614929479
72.492005207754
72.601242271101
72.715212675127
72.833599975933
72.956206421679
73.083050396692
73.214380854424
73.350596073558
73.491823706363
73.637516082221
73.786927816753
73.940119984361
74.097698321659
74.259598960278
74.425460566815
74.595631653174
74.770201590654
74.948664531141
75.131758116871
75.320648842393
75.513749551483
75.706856777058
75.894408547236
76.068033778236
76.216561930049
76.328715938416
76.391789835261
76.386188536882
76.287534882389
76.077888878795
75.751102101167
75.310602053668
74.770675565043
74.160631254446
73.52406322713
72.906628456065
72.340248677576
71.839957417528
71.406161539151
71.022996470508
70.659343619703
70.281614999887
69.879600151325
69.47389054743
69.100322394183
68.810143797301
68.66121047772
68.677149970461
68.834058026085
69.090511442
69.399471641248
69.708050647725
69.989071431635
70.246697321048
70.471330612021
70.629238181944
70.717415817358
70.847977866639
71.306197790729
71.974795764095
71.510429819599
70.266473877886
76.37064304125
81.571546111426
77.828496314893
74.57114910684
68.010556240998
63.411286768375
63.825798885818
63.665391439136
63.884972869872
63.943854688256
63.824245954048
64.224818135212
64.029090629275
63.945293166738
64.200723778098
64.224053472596
64.151983252957
64.236877802951
64.376183610652
64.137765037093
64.160513451573
64.218462300254
64.124430342591
64.379379628746
64.380525881096
64.080078015545
64.193815170105
64.238697648475
64.080609999557
64.051835358617
64.201591753387
64.125511058634
64.01211958032
64.030311920474
64.143238972851
64.030110708941
63.96805532576
64.014042547004
63.949948336386
63.740097708741
63.962890508257
63.802751134819
63.618059412274
63.929422973148
63.821641173391
63.576588029643
63.605945244989
63.549366888005
63.529897871639
63.555006287784
63.40158522585
63.356236439889
63.365610860374
63.297878369816
63.337553187075
63.301150311128
63.120583574429
63.138574668843
63.113066058439
63.104976824426
62.987656512044
62.967310292338
63.039257996619
63.015076336029
62.968073971298
62.983717139033
62.926679725847
62.738481099614
62.75674826773
62.788621648877
62.633948678395
62.642433570429
62.639890936668
62.607626685179
62.610775929796
62.539001324407
62.592377425679
62.65376307633
62.548862245764
62.500164281701
62.590932769072
62.566017049502
62.571078381515
62.532297635538
62.535994591142
62.720337961105
62.852005118745
63.098433434319
63.198944061746
63.256532877433
63.107185005592
62.992231243365
62.971130847108
62.759697194075
62.587922368111
62.508954954961
62.55213704749
62.58618955653
62.551831436682
62.458852807053
62.396933921291
62.418732382307
62.455292948775
62.433368413951
62.285945752165
62.161309293576
62.128389201564
62.183792010126
62.31077286996
62.336690600303
62.12579656109
61.757940467753
61.563282952033
61.835848304854
62.53064071851
63.010681220731
62.831374740631
62.440092170561
62.596767914197
63.568728519002
64.333821946303
64.284517102855
63.662229151822
63.098851087152
62.689768904222
62.624869190541
62.867287508442
63.10797719758
63.19227717788
63.106377936537
63.127283946573
63.228912450081
63.358359470342
63.541665543619
63.602427166367
63.456674177577
63.174890553428
62.987360588549
62.838318832104
62.763412667373
62.87203877676
63.06509968546
63.26630313854
63.421368043218
63.403160821882
63.260308738421
63.117219572654
63.004246759959
62.937759833863
62.834513761783
62.680495141932
62.580462317586
62.552088457836
62.559906481523
62.583980619675
62.648174853192
62.73665639199
62.80222341679
62.869921226668
62.939024110918
63.032639585126
63.119416110715
63.062497904415
62.729823777121
62.180003834188
61.626479493856
61.390343426292
61.662866480698
62.406186389488
63.261698951739
63.263268452529
63.118077780614
62.612807134587
61.984863883265
61.621953894718
61.676649809797
62.102015478261
62.758112948612
63.249180934735
63.553866468503
63.647786387139
63.738668969491
63.83182612786
63.672633604057
63.591948677807
63.563804138495
63.610337863648
63.472843986161
63.388257932615
63.358080310064
63.469906740267
63.547018358565
63.705556126109
63.905049399786
64.010025297815
63.53099855036
62.820775969423
62.242120979551
62.115101750848
62.53155642012
63.56962163808
63.652919346349
63.686652468256
63.866126752939
64.062502412072
64.06337421144
63.958251291861
63.68283438007
63.309783591836
63.079398882554
62.818921775304
62.617722264061
62.56645606092
62.530265926201
62.536119094929
62.60896899545
62.637052317938
62.676690059273
62.681364600848
62.703908634596
62.824885477635
62.897558352592
62.798024070671
62.671819143015
62.591669367298
62.563394467708
62.487574441824
62.426830035725
62.413247502151
62.428536345101
62.502772627504
62.558770808084
62.614824256071
62.564327129069
62.398714204107
62.246035122136
62.268446519449
62.47917620267
62.717925037315
62.824258917497
62.71171961679
62.423860435153
62.118644846808
61.960914340142
61.996852539801
62.208030431755
62.45849026713
62.647471416028
62.759517200408
62.806011071503
