0.0
0.0
0.0
7.684579968171799e-70
-1.6104151923596e-60
2.0278700286019e-52
1.1448663788867e-47
-1.1023647018336e-42
-3.5792701981199e-39
1.9573281452282003e-36
7.3073398705158e-33
3.5623229830638e-30
6.1826285880308e-28
5.0133569910113006e-26
2.2748736293118e-24
6.1854881520068e-23
4.0339949213319003e-22
-2.3982972551841002e-20
1.8576787346926998e-19
2.3047246329189e-17
3.9302514912628003e-16
4.8353985349505005e-15
4.3115970355868e-14
2.6900933402731e-13
1.0328674770562e-12
8.741598115076099e-13
-1.6746077727055e-11
-1.1941183490344e-10
-4.3325903851536003e-10
-9.303610859952101e-10
-1.0200097482612e-09
7.0060260347054e-11
1.7000432063395e-09
2.6743779662314e-09
5.630102304132e-09
1.3007776218845e-08
1.6848543269891e-08
1.4275784344394e-08
2.4574235432938e-08
4.764087257e-08
4.9137992276906e-08
4.1156247437835e-08
7.7670255334327e-08
1.2967776090813e-07
1.2016500697027e-07
1.1294409618624e-07
2.126230258582e-07
2.8881190353288e-07
2.630788733032e-07
3.5874162878074e-07
5.690428970485e-07
7.2443358366779e-07
9.6329387916719e-07
1.2543026961329e-06
1.4228285129762e-06
1.6321595522964e-06
1.9121032953824e-06
2.1448719222973e-06
2.5243333216345e-06
3.0532855141915e-06
3.3799671365978e-06
3.5504977501932e-06
3.9515024246664e-06
4.5865649537374e-06
5.1155597498298e-06
5.6683197784679e-06
6.2546129675212e-06
6.1268156701794e-06
5.8915629949779e-06
5.6794443818731e-06
4.5387831210247e-06
3.3377047233829e-06
3.4149442490472e-07
-3.8650141672009e-06
-5.5598130992984e-06
-7.9751377673742e-06
-1.9946192771986e-05
-3.2768545008138e-05
-2.7099077962958e-05
-9.3425732435055e-06
9.5712731049821e-08
6.0001544753413e-06
4.0467996485077e-05
-3.2646662231017e-05
3.8087387729646e-05
-2.3814995423088e-05
-4.0284529196577e-05
-6.1790971730952e-05
1.3198328942698e-05
-6.3623072796115e-05
-2.8661652119288e-05
4.7354613540995e-06
2.7917792039256e-06
-5.7887844159166e-05
2.0648742802165e-05
-8.9500766757844e-06
2.5813869082181e-05
-5.6737833719123e-05
1.7325359685405e-05
1.1668530179643e-05
5.348033265018e-06
-3.4046945151855e-05
1.9177872722098e-05
2.5981991479962e-06
-8.6500683851298e-06
-3.2878618369536e-06
2.8446199071275e-06
-6.5464276377547e-06
2.3899215649326e-05
-3.153076417961e-05
1.3503094203671e-05
3.6704077828187e-06
5.964879545961e-06
-2.5270567590885e-05
1.3179982969791e-05
8.6249180341613e-06
-2.8799685108383e-06
-2.0722979335808e-05
2.2913601775698e-05
1.1757631029674e-05
-3.0628111246989e-05
1.5914923784388e-07
2.8777356034682e-05
-1.1993531725263e-05
-1.5195071154273e-05
1.3477336278156e-05
1.7239532103031e-05
-2.9534681488086e-05
4.2860898904484e-06
1.6736428603892e-05
1.0307409264443e-06
-1.6446664866998e-05
9.5182746800426e-06
-3.5959762409443e-06
-2.8253431710867e-07
-6.1576443635691e-06
1.898173956677e-05
-1.0866054203973e-05
-8.3550962561296e-06
1.1153780518747e-05
1.4926714629993e-05
-2.2329228638429e-05
3.005670954459e-06
4.7962844524352e-06
5.8941040242955e-06
-2.6553508009064e-06
-4.6974715672839e-08
-5.0357581816152e-06
1.6356333956136e-06
-4.9882107039378e-06
1.0128233258688e-05
-8.457869030587e-06
4.3288162437927e-07
1.7254469489303e-06
1.182078027917e-05
-1.6503164993353e-05
4.8274113466085e-06
-3.2887690818439e-06
5.2944736111393e-06
-2.3999869609437e-06
1.016744195903e-05
-5.232470803751e-06
-2.2050467619605e-06
-4.0712689239886e-06
3.0038458773141e-06
-5.1625253627563e-07
3.2136597625798e-06
-9.1300445975162e-06
3.8258522418455e-06
-3.0552572947151e-06
8.1558239732327e-06
-3.7913271133672e-06
-1.2748000480234e-06
-5.0326309166682e-06
1.1203297389517e-05
-4.7891767013808e-06
-1.4939287641957e-06
-1.2182843845188e-05
-5.1667902289946e-08
1.3349084349967e-05
8.0419657911834e-06
-2.039040602797e-05
3.0590393323981e-07
1.0403673804504e-05
1.6794967653833e-06
-1.5497187036584e-05
8.0772463496581e-06
4.7634551768594e-06
-5.269307256528e-06
-7.6286899281519e-06
6.7120679630439e-06
-1.951457824112e-06
1.5826063173296e-06
-5.5689413593352e-06
4.794586398682e-06
-3.979078676497e-06
-5.3390221232963e-06
1.4078396940453e-06
8.0468976776937e-06
-2.3298154470663e-06
-1.2394131788107e-06
-5.7675105564203e-06
-3.9106814275769e-07
-1.7309653370656e-06
8.0180943820007e-06
-5.7636399841687e-07
-2.3126467231793e-06
-5.8533037761155e-07
3.2162353190701e-06
-5.249847208233e-06
7.9504632205518e-07
-1.8213142755075e-07
-5.5760043859987e-06
-1.2763853903253e-06
4.2051105487162e-06
9.3461254568883e-08
3.2965276159924e-06
-1.2732371132973e-06
-2.180609142477e-06
-4.8488847498307e-06
-3.1642157344303e-07
2.9299815280104e-06
-2.2746845383947e-06
-3.6839620426443e-06
-1.0416511236899e-07
-2.7106013426037e-06
-2.8670828010613e-06
-4.797300434678e-07
-2.1382323234231e-07
6.6329672371301e-07
9.8238913159854e-07
-3.8992450990261e-07
9.6929434817428e-07
-1.7851737914021e-06
-3.4869730198839e-06
-1.0025629307298e-06
-1.0825612606902e-06
-2.2826172975665e-06
-3.3880659718877e-06
1.0892314932232e-06
-5.5614571281559e-07
1.8620635099387e-06
-6.7364621936242e-08
-3.4092052044743e-06
-2.7506500837049e-06
1.8041942202451e-06
1.487970495706e-07
-5.1874639583338e-06
-4.5410334997276e-06
5.7686570942295e-06
-1.5191422808036e-06
-7.0608173238784e-06
1.9664382437945e-06
6.1116808892647e-06
-4.5571985941017e-06
-3.2820168114345e-06
-6.0295596782112e-07
-4.6636119971355e-07
-5.3844075401654e-06
-2.8556970954608e-07
1.3526450014512e-06
-1.6305008448958e-06
-2.7558625206869e-06
1.9501996476046e-06
-4.3251943563916e-06
-2.6738923251113e-06
1.0138645326063e-06
9.6120717241188e-07
-3.9538344894785e-06
-1.5806040176147e-06
2.3071992127921e-07
-1.1620160444981e-06
-7.326857596246e-06
1.8813876900835e-08
1.5190572860146e-06
-1.7661561719229e-06
-4.0462465307201e-06
-1.4595806263062e-06
-3.4578855927503e-06
-1.1860086305826e-06
6.2803070860484e-07
2.3140611096761e-06
-2.7292155660441e-06
-1.8315254637358e-06
7.2204061635217e-07
7.853237130595e-07
-6.1183336861337e-06
-5.9935496374841e-06
-2.522053843157e-06
-1.8794519845988e-07
-5.1143656273345e-06
-8.3442338205675e-07
4.6562229958913e-06
3.7543992860711e-06
-1.9829629633317e-06
-1.9179249066692e-07
1.9978823606881e-06
6.3558159826837e-07
-2.3466146007178e-06
1.4807587784549e-06
-1.1152245807389e-06
-5.3791138275305e-06
-4.3656337275488e-06
2.3455072609146e-06
2.2816635114886e-06
8.9763002586506e-10
-3.7726250559644e-07
-2.0881396439743e-07
-5.1775196670822e-06
-2.6335152462364e-06
4.2129006517788e-06
3.3834855864279e-06
-4.7911683452861e-06
-3.6473973200335e-06
2.7685623048834e-06
2.4905535103703e-06
-2.5033228345794e-06
-9.4496068211991e-07
-6.8237264030935e-07
-4.0219690398691e-06
-3.8893337146462e-06
2.8787517112605e-06
3.5187836670281e-06
-3.8150328199593e-06
-4.8385092804581e-06
2.2225329973091e-06
1.4018530243576e-06
-2.6752823307219e-06
-8.0883655442787e-07
1.3879079963919e-06
-4.4432754514601e-07
-1.9372111308702e-06
-2.7109523332569e-06
-2.1365702978504e-06
-3.9990816783075e-07
1.667111881487e-06
1.0263797030896e-06
-3.169258841515e-06
-4.0770750946301e-06
-9.5321169409079e-07
-7.106986998906e-08
-1.5265926895242e-06
-6.449069261949e-08
1.8025178936398e-06
-8.1469917653787e-07
-3.5509472889328e-06
-2.0612686752047e-06
-7.9920124812505e-07
-4.6113238728884e-07
1.0032842745478e-07
7.6021299620643e-07
-1.8051425813709e-06
-3.6148420303195e-06
-1.25184685211e-06
8.9396725759527e-07
1.1888884481615e-06
1.7794921591679e-06
-8.5251019445176e-07
-2.7649722791068e-06
-2.8562898841539e-06
-3.3776434131966e-06
-3.9184770668915e-06
-2.1209369743536e-06
-1.9268605817857e-07
1.4411039369194e-06
1.0335279278795e-06
-1.1139129420246e-07
-2.5881136689124e-06
-4.1826996094591e-06
-3.3691358523533e-06
-2.1886056948001e-07
1.0868589041119e-06
8.4421987802535e-07
2.9629358972577e-07
-6.4353921550714e-07
-2.4063268120392e-06
-1.898034946865e-06
-1.7977180878266e-06
-1.660202957221e-06
-2.1168057452482e-06
-1.8283789772044e-06
5.9130921518935e-07
1.6743182558541e-06
-1.9964679780658e-06
-3.7196259759802e-06
-2.0154338037583e-06
1.5173715717052e-06
1.4987820745205e-06
-1.6491373562924e-06
-2.6875705523149e-06
5.0604198999562e-07
5.0287064826127e-07
-1.3757459105604e-06
-2.1101302486864e-06
1.7772079596787e-06
1.9259015514167e-06
-3.2310267998603e-07
-3.6364221159824e-06
-2.0612870852074e-06
-2.054307763108e-06
-1.2236602728449e-06
-2.528760953982e-06
-1.4448138424827e-06
-1.0497143217159e-06
-2.1015582595402e-06
-2.9278178396569e-06
-4.3942427284394e-07
2.0715010418115e-06
3.0187583698049e-06
5.197818214453e-07
3.9325891842967e-07
-1.5875224397e-06
-3.7596805677748e-06
-5.5076171217028e-06
-4.0747657147205e-06
-2.2314751870894e-06
2.1575830390363e-07
1.078296504059e-06
5.2648915234432e-07
1.4661019073769e-07
1.5327213244709e-06
5.7710733429583e-07
-8.6701976065307e-07
-2.4322459470649e-06
-2.3137885478697e-06
-1.7994248655562e-06
-1.3712046497139e-06
-6.1286535604776e-07
-3.170666857677e-07
-1.3458825494361e-06
-1.5899291912203e-06
-2.5184734422923e-07
-1.6373912860024e-06
-3.4377023694354e-06
-3.8260361153175e-06
-4.3192894594313e-06
-4.452448980008e-06
-2.6413131293535e-06
2.114275546583e-07
2.6947501225172e-06
5.4424821633314e-06
7.7471285769015e-06
9.5783483650136e-06
8.4886304990983e-06
4.1651791753139e-06
-1.3297969791159e-06
-7.5302852117209e-06
-1.1672708113503e-05
-1.145569792238e-05
-6.9842970620293e-06
-2.3160790592613e-06
3.0079786297876e-06
7.2089566814371e-06
5.3649673409928e-06
-1.6998300103876e-06
-5.7074061401985e-06
-2.7358326921412e-06
4.3274359570744e-07
2.5001262340951e-07
5.8817913595182e-09
7.7884344526491e-07
1.021115128591e-06
1.7830796493479e-07
3.9536765527989005e-10
-7.7942205047032e-07
-2.6059982989601e-06
-1.4898367315525e-06
-1.8443534592627e-07
-2.2078001605808e-06
-2.9407576175866e-06
-3.2642419610235e-06
-1.844891404118e-06
-1.8879052853665e-06
-3.3167357831043e-07
-3.8455873689613e-07
1.1243371835085e-06
-1.9211927874963e-07
-1.2603388323679e-06
-4.1687588421546e-07
-4.8593302998112e-07
