0.0
0.0
0.0
0.0
0.0
0.0
0.0
0.0
9.812742938618299e-186
6.112680477898201e-174
1.1922728402035e-164
8.6691947861039e-157
6.6630436535731e-150
9.6089855231512e-144
3.7306157350803e-138
4.988915506039601e-133
2.7453059302058e-128
7.1052955277204e-124
9.5936045453848e-120
7.3374409963961e-116
3.3982224549654003e-112
1.006901392012e-108
1.9985274236987e-105
2.7625080962154e-102
2.7491295229994e-99
2.0268785667639e-96
1.1350573051026998e-93
4.9344105266693e-91
1.6975539484354e-88
4.7008390242324004e-86
1.0638357358652999e-83
1.9943994598439e-81
3.1353177356009996e-79
4.1788625051507e-77
4.769417224643601e-75
4.7036110270926e-73
4.0414469003603e-71
3.0482861069374e-69
2.0323137586612e-67
1.2053253702762e-65
6.3965371663325e-64
3.0540126380689003e-62
1.31846994689e-60
5.1710569502663e-59
1.8505374019995998e-57
6.0674038247021e-56
1.8296184298706002e-54
5.0925593898426e-53
1.3128131160226e-51
3.1444841195006e-50
7.0191616225917e-49
1.464353925063e-47
2.8628410202429e-46
5.2581953209506e-45
9.0948807838186e-44
1.4847267956426e-42
2.2924009347484999e-41
3.3540680690732e-40
4.658771835224e-39
6.1533208706948e-38
7.740114443633899e-37
9.2851580328565e-36
1.0636194536207999e-34
1.1647696881348001e-33
1.2206982180873e-32
1.225491268452e-31
1.1795936505087e-30
1.0895186010947e-29
9.663949213309299e-29
8.2378128042191e-28
6.753205595467199e-27
5.3276614144128e-26
4.0472733792096e-25
2.9623624248314e-24
2.0902079573994e-23
1.4223714217232e-22
9.3383591654657e-22
5.91670725753e-21
3.6180011076881003e-20
2.1325370138207998e-19
1.199970089993e-18
5.9257994180336e-18
2.0211250107462e-17
2.0037826520746e-17
2.9208604662884e-18
-7.0059981588572e-17
-3.9149078748762004e-16
-1.6978711710271002e-15
-6.8382569523428e-15
-2.6051269451486e-14
-9.4482663497112e-14
-3.2585583731702997e-13
-1.0666739972311e-12
-3.3066004308407998e-12
-9.683853398345599e-12
-2.6732082056283e-11
-6.940845191293001e-11
-1.6919580110115002e-10
-3.8667547844283005e-10
-8.277496369832e-10
-1.659352736852e-09
-3.1163500894054e-09
-5.4883795369753e-09
-9.0755638145147e-09
-1.410639085741e-08
-2.0623458162699e-08
-2.8374176459926e-08
-3.679771326082e-08
-4.5229529738911e-08
-5.3341292851727e-08
-6.1558409406115e-08
-7.1001774003148e-08
-8.2818510507183e-08
-9.7532613677694e-08
-1.1529012649299e-07
-1.368747218848e-07
-1.6430370047015e-07
-2.0049796510209e-07
-2.488784726501e-07
-3.1291697940497e-07
-3.9423436060994e-07
-4.9009982603392e-07
-5.9309045173524e-07
-6.8961051104071e-07
-7.5053426893435e-07
-7.2299285714235e-07
-5.4505610713809e-07
-1.7795088236866e-07
3.8120310408456e-07
1.1118615512349e-06
1.9685424851468e-06
2.8693582695174e-06
3.733537249002e-06
4.5497055001374e-06
5.3688046970735e-06
6.2195331925202e-06
7.0762726838891e-06
7.9112991681258e-06
8.7213917581782e-06
9.5045092039201e-06
1.027282098932e-05
1.1090139502611e-05
1.2032756829031e-05
1.3085899212841e-05
1.410925025882e-05
1.4942301478217e-05
1.5551307371354e-05
1.6062368945674e-05
1.6669288436866e-05
1.7515299681311e-05
1.8588323388309e-05
1.9703871932512e-05
2.0691687891123e-05
2.159746723767e-05
2.2578827320484e-05
2.3669686360742e-05
2.4787543454479e-05
2.5861825626786e-05
2.684949144855e-05
2.7770276754237e-05
2.8769497658482e-05
2.9972004158345e-05
3.1278490089765e-05
3.2511755415331e-05
3.3741922606206e-05
3.5158793617965e-05
3.6597923787208e-05
3.7676860917012e-05
3.8499437781908e-05
3.9557372369297e-05
4.0869900003338e-05
4.2105559662849e-05
4.3569381820288e-05
4.612455519535e-05
5.0212117572157e-05
5.5650898451644e-05
6.1813817434181e-05
6.7283258746101e-05
7.0657029980487e-05
7.2763872879911e-05
7.6155061103314e-05
8.1450811249924e-05
8.6973726010112e-05
9.2293917573531e-05
9.8642823831416e-05
0.0001065593235579
0.0001160782591841
0.0001269337144184
0.0001375079312847
0.0001473454758796
0.0001597081775857
0.0001781404995935
0.000203192442734
0.0002354729977409
0.0002792564747832
0.0003386042355899
0.0004105330684296
0.0004872337739684
0.000563007963779
0.0006333274951252
0.0006893017173486
0.0007176642370008
0.000710800302646
0.0006747294953452
0.0006214059605145
0.0005621943994177
0.0005096119347937
0.0004742833171103
0.0004620465694257
0.0004686638642773
0.0004776669691686
0.0004722726143999
0.0004386215196661
0.0003672024266807
0.0002673518909986
0.0001662609899291
8.9199225454861e-05
4.9384499824029e-05
5.1945743665544e-05
8.5895151597154e-05
0.0001298202553835
0.0001844373229329
0.0002553419100657
0.00033557006731
0.0004055497183369
0.0003317790373734
0.0001252040840062
0.0006516394633884
0.0019663369395505
-0.0002538062501164
-0.0069755056181386
0.010889014019746
0.080290101983447
0.18121947219202
0.30688041470986
0.43290553368188
0.54229193769687
0.63643078583586
0.72435621440296
0.80403396026551
0.88000454147356
0.95055747092904
1.0198954066885
1.0861244342157
1.1522565240478
1.2161212135483
1.2771369477652
1.3386086355045
1.3989506750445
1.4582682769736
1.5172422031493
1.575244306671
1.6303384958298
1.6849185466643
1.7382215035397
1.7930396337589
1.8459774078149
1.8988491606856
1.9505361243443
2.0009741064031
2.0507699917935
2.1003573691007
2.1497951959431
2.1987464753699
2.246810086566
2.2946294121693
2.3418037297475
2.3883608328055
2.4353788353212
2.4832571947639
2.5282213479267
2.5727908038995
2.6191021681915
2.6626435230624
2.7042077699669
2.7465278283213
2.7895388198065
2.8309454342066
2.8720744628669
2.9139669303434
2.9537944819277
2.9936196336272
3.032092473813
3.0695254496892
3.1057070731107
3.1395507325945
3.175383925899
3.2108761945095
3.2451742172948
3.2795213773166
3.3117669998778
3.3434256295824
3.3711347031406
3.3921016559794
3.4098204324562
3.4249367822756
3.4394974860841
3.4546489836843
3.4702702284029
3.4841994642827
3.4979068569323
3.5128445310175
3.5274670037681
3.5418010847354
3.5562070717588
3.5708623116413
3.5860339093075
3.6032986907792
3.6208567974652
3.6364579955336
3.6479682056004
3.6541855512686
3.6585262064051
3.6631048393936
3.6678001057358
3.671303853601
3.6726228102998
3.6736215252824
3.6738806468943
3.6738867911565
3.6739146195098
3.6738821440134
3.6739472323136
3.6740304511365
3.6739782094629
3.6739355613616
3.6739458445957
3.6740028190569
3.6740214686425
3.6740472504035
3.6740511069806
3.6740366295269
3.6740497604393
3.6741009949123
3.6741363523017
3.6741010431023
3.6740463659449
3.6740223847638
3.6740587974383
3.6741557900006
3.6742957385239
3.674351582766
3.6741868669401
3.673853446772
3.6736928536604
3.6740143894804
3.6744586031511
3.6744288374865
3.6738960131521
3.6734673174145
3.6741053899658
3.6756254613158
3.6758292938724
3.6757683638606
3.6755899496054
3.6753805565216
3.6751734962769
3.6750447226903
3.6749680412983
3.6749495266933
3.6748849088248
3.6748900579967
3.6748821137398
3.6748610086558
3.6748595584133
3.674880350674
3.6749207740225
3.6749220576242
3.6748699861042
3.6747413424177
3.6746556606419
3.6746406020849
3.6746494361021
3.6746823341139
3.6747525785644
3.6748141478607
3.6748683358257
3.674885265919
3.6748416582299
3.6748089305015
3.6748017872069
3.6748012870632
3.6748057701689
3.6748345765518
3.6748587014697
3.6748388604492
3.6747952026135
3.6747393152135
3.6746731232593
3.6746436057484
3.6747053475044
3.6748492873594
3.6750138077536
3.6751325550249
3.6751455082866
3.6750214990603
3.6748056949835
3.674601189063
3.6744893144553
3.6745473540541
3.6757878441184
3.6769732866084
3.6771008600366
3.6770477115064
3.676860145856
3.6766113903334
3.6763542096113
3.6762057444023
3.6762885824977
3.676478665358
3.6774569894811
3.6786863034879
3.6793813672571
3.6799104971412
3.6799739038292
3.680051071382
3.6801335407589
3.6822143490923
3.6879983497763
3.6972901822427
3.7078069534682
3.7180228559613
3.7273135381034
3.7341390332125
3.7374566396244
3.7378205248003
3.7375913234997
3.737205137176
3.7366883044315
3.7362625699915
3.7366068347922
3.7386724400769
3.7431382576429
3.7470187402326
3.7485888830245
3.7487042917188
3.7488217199352
3.748963539564
3.7489909936261
3.7488840705677
3.748820320931
3.7487489186638
3.7486771627132
3.7486889089067
3.7487189738701
3.748751382594
3.7487930490277
3.7488229515882
3.7488384701701
3.7488144637782
3.7487612515124
3.7487496253099
3.7487471624082
3.7487239954238
3.7487055978037
3.7487018398584
3.748716135293
3.7487080536067
3.7487266646173
3.7487018280218
3.7486249306432
3.7485387805508
3.7484965720518
3.7485263998259
3.7485492778477
3.748525218238
3.7484543104426
3.7483921220165
3.7483762055799
3.7484114495375
3.748441042144
3.7484202860788
3.7483590554522
3.7483022036535
3.748243781733
3.748180971499
3.7481377002784
3.748122942534
3.7481464179097
3.748192803389
