0.0
0.0
0.0
0.0
0.0
0.0
0.0
0.0
-2.2996122213278998e-185
-1.4234520584885e-173
-2.7576218025268e-164
-1.990800128668e-156
-1.5186735705517001e-149
-2.1730348688425e-143
-8.3679019137592e-138
-1.1095025679767e-132
-6.0509452757387e-128
-1.5514229365402e-123
-2.0740945191498e-119
-1.5698149297735999e-115
-7.190264724700901e-112
-2.1055924960077998e-108
-4.1273366405508e-105
-5.6297333043754e-102
-5.5237223280132e-99
-4.0116502574788e-96
-2.2108532160381997e-93
-9.4492650177749e-91
-3.1927951277786e-88
-8.6749459455884e-86
-1.9242848979939e-83
-3.5324439078536e-81
-5.432360086831e-79
-7.0761982050464e-77
-7.8859361660906e-75
-7.5875333285531e-73
-6.3555065023283e-71
-4.669885746165801e-69
-3.0311267493189e-67
-1.7492012120332e-65
-9.0280972811032e-64
-4.1905017501024e-62
-1.7582117575723e-60
-6.700090016708301e-59
-2.3293009267287e-57
-7.4184465124627e-56
-2.1728868837136e-54
-5.8747596676324e-53
-1.4711958018574e-51
-3.4236608913752e-50
-7.4264896036461e-49
-1.505937190177e-47
-2.8625136404105e-46
-5.1135752057966005e-45
-8.6057943078421e-44
-1.3675222335862999e-42
-2.0562616982815998e-41
-2.931446944427e-40
-3.9695397017579e-39
-5.1142674602002e-38
-6.278838234731599e-37
-7.355858832886999e-36
-8.233647530518399e-35
-8.815504682742799e-34
-9.0373038491607e-33
-8.8789879481592e-32
-8.367171102609799e-31
-7.5685073325941e-30
-6.5759447786217e-29
-5.4916349389755e-28
-4.4106559020121e-27
-3.4088713208651003e-26
-2.536633924019e-25
-1.8182903966667e-24
-1.2561085895977e-23
-8.3661846942266e-23
-5.3742202216011e-22
-3.3305692941714e-21
-1.9919718361295002e-20
-1.1508056812532e-19
-6.492042046883499e-19
-5.1200696700443e-19
3.3261233150969e-19
1.1643905350471001e-18
6.1246240822492006e-18
3.1238342015387e-17
1.2802434333403e-16
5.0847815160538e-16
1.9070866440895e-15
6.7804099212608e-15
2.2713997518235e-14
7.1363643114259e-14
2.0914638257585e-13
5.6821936787596e-13
1.4201753347233e-12
3.233196426826e-12
6.6124604757883e-12
1.1886754751059e-11
1.8031951217291e-11
2.0856900347717e-11
1.1175940142308e-11
-2.5223036050004e-11
-1.0404444356486001e-10
-2.3663430766653e-10
-4.2818844787969e-10
-6.8688523953882e-10
-1.0388954468813e-09
-1.5269983481591e-09
-2.1769590396264e-09
-2.962403982243e-09
-3.83476016314e-09
-4.8225829131874e-09
-6.0778219457527e-09
-7.7627380485175e-09
-9.9079460976116e-09
-1.2487174506383e-08
-1.564339615026e-08
-1.9728587440543e-08
-2.5186450443261e-08
-3.262400806068e-08
-4.2744799779045e-08
-5.5559058746832e-08
-6.9987857879159e-08
-8.5450010606615e-08
-1.0326012206635e-07
-1.2426075038569e-07
-1.4607138855492e-07
-1.6648787988733e-07
-1.8785683340546e-07
-2.1151628245815e-07
-2.3017323028682e-07
-2.3601406045921e-07
-2.3460038487202e-07
-2.3818390491349e-07
-2.4767884641667e-07
-2.5538503358249e-07
-2.609770047915e-07
-2.6889914268684e-07
-2.7606793654746e-07
-2.7866172753153e-07
-2.8526726693692e-07
-3.0800140290825e-07
-3.4238577515007e-07
-3.6645096919766e-07
-3.6348260330082e-07
-3.4214747616015e-07
-3.2949029689713e-07
-3.4774417618372e-07
-3.9963519014516e-07
-4.6161319380844e-07
-4.9307576738961e-07
-4.8023499426425e-07
-4.621529587287e-07
-4.7971698129839e-07
-5.2364388473947e-07
-5.648683670742e-07
-5.9436905192056e-07
-6.1120771101264e-07
-6.2154645878026e-07
-6.5033941824832e-07
-7.0178992686576e-07
-7.3323884594578e-07
-7.2818010065506e-07
-7.5232638373224e-07
-8.5185149124867e-07
-9.406191255612e-07
-9.1752627968955e-07
-8.5408272713916e-07
-8.8301566933402e-07
-9.5735154220788e-07
-9.5899533381072e-07
-9.6361624293828e-07
-1.1262286362806e-06
-1.4119377340777e-06
-1.6840347804997e-06
-1.8699678465545e-06
-1.8432397335122e-06
-1.518289177771e-06
-1.2420278552028e-06
-1.4627820582869e-06
-1.9168692828309e-06
-2.0240535350269e-06
-1.91760730478e-06
-2.0537855011382e-06
-2.3712747134197e-06
-2.6905527522603e-06
-2.9709689713942e-06
-2.9217393641978e-06
-2.5495224356131e-06
-2.5396451432957e-06
-3.0783060430972e-06
-3.4388346776271e-06
-3.367385098374e-06
-3.6021180125911e-06
-4.4112052248191e-06
-4.7821801256176e-06
-3.9798398435154e-06
-2.7113925296085e-06
-1.9884469644738e-06
-1.7094328427225e-06
-6.7164385253448e-07
1.2710359082457e-06
2.2823494089663e-06
1.8450062425068e-06
1.3281961820377e-06
1.0005700544769e-06
5.1278043883274e-07
-2.0543982787169e-07
-9.2940566892574e-07
-9.3696074268678e-07
-4.3657299311772e-07
2.7810313463217e-07
1.0075190807202e-06
6.4931313065175e-07
-2.6468208738639e-07
-6.6635168745332e-07
-1.2905971216587e-06
-2.9976183600483e-06
-5.1009041587974e-06
-6.0769339250075e-06
-7.8472311918348e-06
-1.0721592820102e-05
-9.7692194452117e-06
-8.9959852993121e-06
-1.4294412907734e-05
-2.4511632472593e-05
-3.8794682430343e-05
-4.4227144744863e-05
-3.7661559402102e-05
3.1969372363883e-05
-3.3909768233531e-05
2.7944925301393e-05
0.0003207744489631
-6.8687841297543e-05
0.0001331690237306
3.1170969263528e-06
-4.1341894619018e-05
1.5064354742966e-05
1.4359749306414e-05
-1.7290378943047e-06
4.5464920074401e-05
-4.1803699685872e-05
1.506518440586e-05
4.8576156380542e-05
-3.245020170406e-05
2.7241536422196e-06
1.8378219820758e-05
1.569518077027e-05
-4.8330835000665e-05
4.0622548641123e-05
-5.360007456767e-07
-1.7044514845299e-05
4.0593713606762e-05
-2.1082797766248e-05
-3.2546391361632e-05
4.7997906038377e-05
1.1870833174221e-06
-2.6982117702024e-05
1.0975125463553e-05
3.6931974812915e-05
-3.9758598869066e-05
7.1952624914884e-06
2.0574259072204e-05
2.856780027316e-06
-1.3224519222144e-05
-2.9635013076845e-06
1.5512130479456e-05
-3.500172069737e-06
-1.8102890883998e-05
5.0876342400419e-05
-3.2802733842652e-05
-1.0720096972006e-05
5.7735136897108e-05
-4.6640812216614e-05
-9.192248016765e-06
3.7258607811119e-05
-1.2835733937955e-05
4.8353151269609e-06
8.5300346660544e-06
-1.7231219208713e-05
1.4519536929991e-05
7.8831874912311e-06
-1.2441668011953e-05
1.6496390252585e-05
-1.9693278289212e-06
-2.1701341747948e-05
2.6118049590518e-05
5.4797515345317e-06
-6.1663470730666e-06
-1.0121772609506e-05
1.873762261273e-05
9.8488029010024e-06
-1.5914565676622e-05
8.7205732772766e-06
5.8374498088654e-06
-1.15160107651e-05
3.7660699736541e-07
9.2451684542416e-06
5.1038638214651e-06
-3.3032139337141e-06
-1.6147013571777e-06
-3.3483417687385e-06
8.6109183469185e-06
9.7816659894167e-07
-1.4446806609336e-05
1.3604005067558e-05
9.5970668675394e-06
-1.1215733109693e-05
4.7970411977127e-06
-3.602618873999e-06
-3.035052250111e-05
-3.0219226671013e-06
-4.9325782776055e-06
4.9307203271454e-06
6.9851639289409e-06
-1.1440390742967e-05
9.9596808118552e-06
7.0052741674154e-07
-1.5306941040238e-06
-1.8341727818783e-06
-2.616430408775e-06
4.8988517468151e-06
-1.4393743947849e-06
-8.0778691878836e-06
2.3710383824094e-06
1.5393631676353e-05
-1.062749511449e-05
-5.3656187258833e-06
1.0971842485441e-05
-1.0205860039192e-05
-2.3701867778447e-06
2.4735511288121e-06
-3.233091073751e-07
-3.2243773322449e-06
-5.8713126848131e-06
2.2320165652401e-06
5.270920481637e-06
4.2482215873996e-06
-1.1123327369633e-05
-1.1386019374893e-05
-5.4407072659357e-06
-3.2220464089017e-06
-4.542526300666e-07
1.1820249093408e-05
9.0767046020401e-06
-2.1727286242723e-05
-1.5508807119424e-05
7.3952276427036e-06
5.3785825050445e-06
3.4167283352593e-06
-1.0281363866049e-05
2.5191046044703e-06
-1.6840033085774e-05
5.10542819665e-06
3.5918050135253e-06
-2.8647344066934e-06
6.3167508310702e-06
6.8887672695084e-06
-5.2723571672964e-06
5.9645386922824e-06
-7.5986232990211e-06
-2.5258005537099e-06
5.4426277928957e-09
-6.6199617206886e-06
-7.4183998984845e-06
-2.190001807123e-06
6.3768049255453e-06
-6.3805466519185e-06
-1.2510239104646e-06
6.0723766888149e-06
5.2541873374334e-06
-4.1259120369119e-06
-4.7669317527754e-06
-6.4146797275066e-06
-4.8910980154915e-06
-2.2148397224031e-06
7.8860077246112e-08
4.6367651058699e-06
1.5535046250514e-06
-2.3371814039664e-07
-8.1236065037071e-06
-6.4115089168926e-06
1.6002080660549e-07
-2.6806875003116e-06
-3.0083462035924e-06
2.2457846945434e-06
5.2389579786594e-06
-1.0487610063725e-06
5.4667502191741e-07
4.6578100934003e-06
-3.3679280133647e-06
-1.0042308353664e-05
-6.9332660399546e-06
-5.0055574781771e-06
-4.8074847671664e-06
3.527264220593e-06
5.8637460876865e-06
4.2868632512683e-06
6.9263150199728e-06
7.5407206353573e-06
4.4805215747568e-06
-2.2825141765548e-07
-2.1143949591407e-05
-7.176829117328e-06
-1.2204869322741e-05
7.1767928568889e-06
3.0953746141815e-06
1.2365302736628e-05
8.4187573701211e-06
2.5574061498501e-06
-1.3804679220075e-05
-9.5498416572415e-06
-1.3616865366051e-05
3.7918189532693e-07
-6.4349338187997e-06
8.7564456002776e-06
9.7324624147577e-06
9.2456227923643e-06
4.1431366372136e-06
1.4043301561295e-05
5.1929918524207e-06
1.2720387167153e-05
-1.836760041396e-06
-1.9418085454137e-05
-1.3028662664838e-05
-1.1417903406308e-05
2.8495762446346e-06
5.0847717376623e-06
1.9652195235365e-05
1.3887351265618e-05
8.3095971541436e-06
6.3116582302847e-06
1.0981831642831e-05
-1.2488933268662e-06
8.8272346756568e-06
-2.005190061749e-05
-1.0415288282939e-05
-1.2749674913937e-05
-9.5175863250585e-06
-7.4652052267643e-06
3.6407075980627e-06
1.4863810586463e-05
2.8112248071643e-06
-7.5617382355753e-09
-1.0567428309294e-05
-3.0585440862208e-06
-1.0440653521737e-06
-8.3456937349791e-07
-6.1135548834468e-07
-3.7303278643819e-07
5.5122463133994e-06
1.0378616650542e-06
1.9077764351616e-06
6.6776064535645e-06
7.1102928111966e-06
-4.2816382882505e-06
-7.8126933978906e-06
-5.2369239851302e-06
-6.5312685224583e-06
-5.5346428590175e-06
5.5008020716229e-07
3.15344884394e-06
2.0671486593571e-06
2.5271904593449e-06
2.8230517434835e-06
1.4834381367734e-07
2.8731121903824e-07
5.1823677860163e-07
-2.245760852837e-06
-5.7215561458657e-06
-5.5552552117311e-06
-1.8861214960975e-06
4.219664031968e-06
4.9607554423181e-06
5.675687434481e-07
-2.4567249696794e-06
3.3872803697488e-06
6.0999689507346e-06
1.0745614136276e-06
-2.3391792377536e-06
