-120.0
-120.0
-120.0
-120.0
-120.0
-120.0
-120.0
-120.0
-120.0
-120.0
-120.0
-120.0
-120.0
-120.0
-120.0
-120.0
-120.0
-120.0
-120.0
-120.0
-120.0
-120.0
-120.0
-120.0
-120.0
-120.0
-120.0
-120.0
-120.0
-120.0
-120.0
-120.0
-120.0
-120.0
-120.0
-120.0
-120.0
-120.0
-120.0
-120.0
-120.0
-120.0
-120.0
-120.0
-120.0
-120.0
-120.0
-120.0
-120.0
-120.0
-120.0
-120.0
-120.0
-120.0
-120.0
-120.0
-120.0
-120.0
-120.0
-120.0
-120.0
-120.0
-120.0
-120.0
-120.0
-120.0
-120.0
-120.0
-120.0
-120.0
-120.0
-120.0
-120.0
-120.0
-120.0
-120.0
-120.0
-120.0
-120.0
-120.0
-120.0
-120.0
-120.0
-120.0
-120.0
-120.0
-120.0
-120.00000000002
-120.00000000006
-120.00000000023
-120.00000000082
-120.00000000284
-120.00000000924
-120.00000002833
-120.00000008157
-120.00000021967
-120.00000055115
-120.00000128286
-120.00000275799
-120.00000545145
-120.0000098611
-120.00001625477
-120.00002434351
-120.00003313207
-120.000041279
-120.00004802707
-120.00005412767
-120.00006177721
-120.00007327393
-120.00008972098
-120.00011166582
-120.00014135566
-120.00018343506
-120.00024227261
-120.00031944432
-120.00041598151
-120.00053683729
-120.00069022022
-120.0008805712
-120.00109868469
-120.00130771422
-120.00143271294
-120.00138536694
-120.00113254975
-120.00074215127
-120.00034793381
-120.00010007319
-120.00017155671
-120.00070454552
-120.00160787605
-120.00247236783
-120.00287680299
-120.00276376945
-120.00236763948
-120.00186905966
-120.00133027912
-120.00085265088
-120.00054297064
-120.00042277827
-120.00059583143
-120.00136260994
-120.0028601833
-120.00456976514
-120.00542592967
-120.00465499545
-120.00259127459
-120.00060785091
-120.00014392429
-120.00159240139
-120.00387257004
-120.00523351992
-120.00488903091
-120.00372659963
-120.0031096549
-120.0034380621
-120.00420664472
-120.00483996601
-120.00516935003
-120.00556282046
-120.00646071544
-120.007406654
-120.00729450505
-120.00625313279
-120.00611954507
-120.00771172618
-120.0088730376
-120.00737779781
-120.00466976246
-120.00403360187
-120.00665040672
-120.01300428776
-120.02612383359
-120.04878532386
-120.0784502633
-120.10783555559
-120.12873574378
-120.13532940392
-120.13007277299
-120.12651660526
-120.13677076187
-120.15689838756
-120.17587899849
-120.19365336152
-120.21678671306
-120.2445952333
-120.26944593253
-120.28034766697
-120.26711916416
-120.23435792222
-120.20090335163
-120.17502022993
-120.14818561377
-120.11889068341
-120.09859641826
-120.08597193723
-120.05905415739
-120.00625507534
-119.94524222809
-119.89896778537
-119.8656421371
-119.82400922401
-119.7711548083
-119.73055713966
-119.70797535633
-119.68191992151
-119.63998284237
-119.5859910949
-119.52839683051
-119.47143389835
-119.41237889208
-119.35115194418
-119.28745955478
-119.22599345216
-119.1755013881
-119.12286397334
-119.06030726846
-119.01476920965
-119.00146449802
-119.00340405868
-119.02925250978
-119.12089247943
-119.24388038642
-119.3269491893
-119.43154661181
-119.60934759364
-119.81051381047
-120.03542682616
-120.22044431677
-120.25157401812
-120.101437016
-120.95398775324
-120.93065133214
-119.78995966099
-121.74747576803
-120.30807223243
-120.78340336833
-121.5729502587
-121.26741226502
-121.68566260928
-121.79781845382
-121.56999229343
-122.33298692421
-121.96017262719
-121.80055841283
-122.28709291066
-122.33153042399
-122.19425381516
-122.35595771991
-122.62130211553
-122.16717149923
-122.21050181252
-122.32088057191
-122.14177208113
-122.62738976904
-122.62957310685
-122.05729145818
-122.27393365734
-122.35942409233
-122.05830476106
-122.00349592117
-122.28874619693
-122.14383058787
-121.92784681966
-121.96249889614
-122.17759804352
-121.96211563608
-121.84391490621
-121.93150961334
-121.80942540264
-121.40970992141
-121.83407715858
-121.52904978061
-121.17725602338
-121.77032947266
-121.56503080646
-121.09826291361
-121.15418141903
-121.04641312001
-121.00932927931
-121.05715483387
-120.76492423972
-120.67854559979
-120.69640163881
-120.56738737108
-120.64295845157
-120.57361964024
-120.22968299891
-120.26395175018
-120.21536392084
-120.19995585605
-119.97648859437
-119.93773389017
-120.07477713642
-120.02871683053
-119.93918851676
-119.96898502673
-119.86034233495
-119.50186876117
-119.5366633671
-119.59737456929
-119.30275938742
-119.31892108653
-119.31407797461
-119.25262225748
-119.25862081866
-119.12190728458
-119.22357604891
-119.34050109777
-119.14068999193
-119.04793196514
-119.22082432204
-119.17336580857
-119.18300644098
-119.10913835341
-119.1161801736
-119.4673104021
-119.71810498809
-120.18749225585
-120.71250937299
-120.95191575308
-120.97523794766
-120.87448435684
-120.94724531363
-121.18632219754
-121.1657895493
-120.96676300522
-121.18982293774
-121.26865994699
-121.18976852042
-121.41307413285
-121.4607301352
-121.47664469049
-121.57682344301
-121.67658096003
-121.73931331658
-121.6950831768
-121.76599768217
-121.90641294905
-122.15550767296
-122.26138093945
-122.21739058271
-122.2874400659
-122.447902333
-122.45843465534
-122.46878458502
-122.72885034893
-122.79295805723
-122.60463331672
-122.46916345363
-122.42460825182
-122.54061323105
-122.44669924353
-122.36790150608
-122.1846148989
-122.21460603635
-122.23048042254
-122.10078197862
-122.05248882793
-122.10330834221
-122.11336204515
-122.28360896744
-122.14817110835
-121.96785456419
-121.89344131233
-121.87053013569
-121.86054749234
-121.9308596819
-122.09647865407
-121.99836521387
-121.73698465523
-121.61598399002
-121.71891677026
-121.99493857075
-122.32572919863
-122.43840007287
-122.2082823203
-121.91763531191
-121.80298249932
-121.858657133
-121.95040690897
-122.04087120142
-122.11209320377
-122.28929190394
-122.41792810774
-122.21503974295
-121.86212976759
-121.74158254182
-121.90299513826
-122.02332547492
-122.07750337148
-122.21916089009
-122.25237084275
-122.09667683363
-121.98606380263
-122.02509422021
-122.05130155314
-121.90681008155
-121.51005546384
-120.94382876473
-120.49847419379
-120.5014637191
-120.99863931115
-121.73723219555
-121.93710801581
-121.93434804981
-121.56496705672
-121.35246278023
-121.12729203513
-121.01366009308
-121.05498374953
-121.23387883265
-121.40698851332
-121.58443071973
-121.64819368684
-121.67146324021
-121.42009804341
-121.16254831171
-120.90065521174
-120.73953891927
-120.68205773346
-120.89506045765
-121.0419397306
-121.34391643068
-121.72390361864
-121.92385771012
-121.9933642697
-121.78762888834
-121.48097479731
-121.17575891244
-121.19422346538
-121.22331336174
-121.24365589781
-121.30790946335
-121.64976524369
-122.02381411823
-122.43316129703
-122.43181558213
-122.44815082429
-122.46845239266
-122.42168400835
-122.24193584057
-122.10344298026
-122.16473694449
-122.24438408769
-122.2982618249
-122.2538005483
-122.20049222387
-122.08972141121
-121.93309524876
-121.80166465071
-121.65733360639
-121.51074198543
-121.25489546107
-121.05309954535
-121.12256633559
-121.48128222204
-121.89513831401
-122.16266446726
-122.24480414161
-122.11252313149
-121.79550028992
-121.50022873437
-121.41565446866
-121.53232835403
-121.72064575532
-121.8667651093
-121.90805613807
-121.87773595004
-121.82563559987
-121.77035718399
-121.71820834374
-121.63783057276
-121.53149559479
-121.4977036789
-121.56130169666
-121.597053989
-121.48285321022
-121.3829637514
-121.4704809158
-121.70795468073
