0.0
0.0
0.0
0.0
0.0
1.28959125344e-128
2.0071358834021e-114
3.8222585063e-105
9.4699293519463e-98
1.6654672720217e-91
4.6150422491588005e-86
3.1886150690969e-81
7.3807700931879e-77
7.0242410404605e-73
3.1919988396994e-69
7.7580904077252e-66
1.1016553801449002e-62
9.805198319528e-60
5.7905242009587e-57
2.3780320353497002e-54
7.0635730312543e-52
1.5689683620312999e-49
2.6815797793555e-47
3.6146700572194e-45
3.9261266058864995e-43
3.501208299254e-41
2.6059092716936e-39
1.6421992141027e-37
8.8726150236229e-36
4.154814071057299e-34
1.7022579715944003e-32
6.152997944841799e-31
1.9769537136612e-29
5.6853270506211e-28
1.472689124907e-26
3.4549169123435e-25
7.3699579244834e-24
1.4322680040975e-22
2.5407056859283003e-21
4.1306159000013e-20
6.0339330306215e-19
6.5053642116805e-18
9.0926590497281e-18
-4.0308668021008e-17
-4.9636530429111e-16
-4.3507936591322e-15
-3.3279488229817e-14
-2.2573000870172998e-13
-1.3575632818135998e-12
-7.225464681221099e-12
-3.3969390101023e-11
-1.4080478825243e-10
-5.1358921633374e-10
-1.6451193170672e-09
-4.6180466385571e-09
-1.1339171931641e-08
-2.4326040855123e-08
-4.5626988302617e-08
-7.5153865736476e-08
-1.0992962915485e-07
-1.4588310538989e-07
-1.8142688807052e-07
-2.1928051019036e-07
-2.6441590951933e-07
-3.2085041298655e-07
-3.9109730769077e-07
-4.7809517351266e-07
-5.8739217059656e-07
-7.2721756174074e-07
-9.0405804618064e-07
-1.1215449444329e-06
-1.3967735420544e-06
-1.7760792814446e-06
-2.3121011481119e-06
-3.0292810377589e-06
-3.9350191071313e-06
-5.0162541979683e-06
-6.1429565000035e-06
-7.0155796144975e-06
-7.3158312048313e-06
-6.9197411189675e-06
-5.981228297011e-06
-4.896126673953e-06
-4.0773228459842e-06
-3.5687350445763e-06
-3.0328451399676e-06
-2.2559297169916e-06
-1.3619116032884e-06
-4.9910719136014e-07
2.8052253011709e-07
9.1454941041374e-07
1.4117813770088e-06
1.9118090429923e-06
2.5718167513031e-06
3.3619316028292e-06
3.9078775161097e-06
3.8946391163986e-06
3.6050826294755e-06
3.4765761900543e-06
3.5756285456889e-06
4.0034953993017e-06
4.6832040624628e-06
4.6065195530415e-06
2.923044187888e-06
3.9361835074524e-07
-1.532800757797e-06
-2.0115463889663e-06
-8.4314093584723e-07
1.7594841820161e-06
6.1705468314508e-06
1.4260714607402e-05
2.9561145527067e-05
5.7994456234404e-05
0.0001060293125447
0.0001771476389925
0.0002722562433725
0.000387828939183
0.000510239592515
0.0006182278565186
0.0006897829148069
0.0007045060071893
0.0006531600404484
0.0005516489524456
0.0004297108891652
0.0003130450207575
0.0002292622756846
0.0001947604734058
0.000212178190659
0.0002898613682806
0.0003722239581356
0.0003931460072186
0.0005687433124257
0.001101963608789
0.0003288043398972
-0.0047380853062437
-0.006752957582153
0.02599236397561
0.099307831399185
0.2027522344895
0.31354790181049
0.42006040999728
0.51544530296952
0.60088247219578
0.67980288556238
0.75517112047508
0.82625052083633
0.89633485942409
0.96437080730508
1.0318169564673
1.0946033114376
1.1554190925329
1.2157797165664
1.2736941273517
1.3278152092062
1.3820083540515
1.4360129378766
1.488727314947
1.5397924599953
1.5895061025999
1.6384721223548
1.6843265489571
1.7312290785698
1.7761759604472
1.8186444257075
1.861802832179
1.9034114651275
1.9431485116465
1.9834264692151
2.0213787835054
2.05929779921
2.0961133308283
2.1316848924282
2.1689944973952
2.2058180984776
2.2406249379824
2.2745518630975
2.3076203931641
2.3423426628165
2.3752134256392
2.4063972268366
2.4386779414728
2.4711973235771
2.5018703500962
2.532921311654
2.5637477752684
2.5940176721382
2.62415824822
2.6550178646257
2.6844362799141
2.7130752479513
2.7434854305934
2.7727240375166
2.801049348252
2.8298747625032
2.8587132902339
2.885864242141
2.912871763882
2.9417484578437
2.9694025501256
2.9962780362713
3.0233805380191
3.0502817834346
3.0775415820204
3.1035156029869
3.1297594519089
3.1562425552106
3.1825796441715
3.2087543287012
3.2351258727378
3.2613151996223
3.2879298079275
3.3139143258651
3.3391996048162
3.3646353991925
3.390289416336
3.4149166497063
3.439204733645
3.464731020553
3.49039962195
3.5151146475312
3.5401760646489
3.5656835969715
3.5908853303012
3.6160143298231
3.6404790832714
3.6648592875722
3.6892025939206
3.7122878051288
3.7351211834906
3.7585547455248
3.7817854479967
3.8048924370952
3.8277897679423
3.8497363429998
3.8703153579121
3.8891462786644
3.906339270952
3.9222658283786
3.9386510918642
3.956491540218
3.9748018350289
3.99299587584
4.010846686594
4.0287826777405
4.0466690333067
4.0644640900634
4.0812506563348
4.0965955286601
4.111556578129
4.1274629317655
4.1439668108743
4.1609670954974
4.1781918086546
4.1947640149071
4.2111813116754
4.2276270961246
4.2437762884731
4.2593700549358
4.2744242928869
4.2899559619483
4.3059388032137
4.3211375957125
4.3363781281471
4.352214196675
4.368233668434
4.3852095643837
4.4024485543777
4.4187304111634
4.4353653691812
4.4529758650286
4.4702959225228
4.4867976359685
4.5032188915134
4.5192336542639
4.5338836710335
4.5481248842722
4.5629364578659
4.5779990060741
4.5935810583082
4.6095313130686
4.6259877270218
4.6432530742673
4.6602863268563
4.6764371493765
4.6918203019475
4.7074585793817
4.724240335499
4.7404871161729
4.7552748544781
4.7700984459723
4.7854828531238
4.8010556995072
4.8164355911706
4.8316444335622
4.8473173285761
4.8631558033315
4.8790874866088
4.8952259170591
4.9114040645762
4.9277804096405
4.9442540083169
4.9607802783394
4.9776393227042
4.9942486519555
5.0107287208907
5.027103886343
5.0422969751576
5.0568775874375
5.0721531126617
5.0881246669583
5.1040202624828
5.1194363928308
5.1347262100346
5.1502232441191
5.1656633909936
5.1813089421289
5.1980254776313
5.215193595761
5.2320677221131
5.2489372315957
5.2656993860815
5.2823954182653
5.299747325897
5.3178452804683
5.3359072796438
5.3533751627524
5.3705697705201
5.3876828930808
5.4045440092884
5.4213375200094
5.4387066632042
5.4573107978161
5.4772713319869
5.4983160495304
5.519840012476
5.5409088116403
5.5607712493748
5.578926571105
5.5947972822333
5.6078432639376
5.6181527253825
5.6263579303407
5.6332672306214
5.6396980391364
5.646202665284
5.6525764099687
5.6580381699485
5.6625756122289
5.6669911541456
5.671429196044
5.6755169205442
5.6792988641618
5.6827464314414
5.6857404512244
5.6884168949731
5.6910613119123
5.6942732192782
5.6987716927187
5.7043361833137
5.7100089862527
5.7152938712046
5.7200642216349
5.7242687811498
5.7279496982498
5.7315511823478
5.7353330416564
5.7391917633186
5.7432620393167
5.7475078823379
5.7513749139037
5.7545828027641
5.7579296308048
5.7618314818051
5.7658454156842
5.7697698191284
5.7739002526084
5.7786470514846
5.7840498263968
5.7893485291478
5.7942908804533
5.7987751816792
5.8024032538906
5.8056929555111
5.809418091794
5.8133402213882
5.8170792481013
5.8210072227869
5.8252762939007
5.8295929873286
5.8340319830212
5.8388923154282
5.8447531031254
5.8525281762033
5.8626386019488
5.8749488179033
5.8890086231539
5.9036108969886
5.9166767201494
5.9263874381181
5.9326211582817
5.9363942082936
5.9389319438115
5.9415395339198
5.9447405200613
5.9479296595959
5.9503448779323
5.9519310706328
5.952784042208
5.9530323391518
5.9531445502504
5.9531046332258
5.9529303758016
5.95269235466
5.9524353047637
5.9521728876846
5.9519808174509
5.9519768804786
5.9521330165971
5.9522677653825
5.9523146136159
5.9522987770169
5.952268295625
5.9522431568904
5.9522422914007
5.952244820641
5.9522280931393
5.9522035696403
5.9521849023234
5.9521875423192
5.952188602672
5.9521514565818
5.9520810279695
5.9520130219351
5.9519694942081
5.9519616471941
5.9519988981502
5.952076246837
5.9521685748955
5.9522128526269
5.9521533214996
5.9520361241344
5.9519425018236
5.9519015246358
5.9519291220957
5.9520192926408
5.9521113075471
5.9521536775228
5.9521512593926
5.9521388342517
5.9521211598891
5.952083242843
5.9520064583167
5.9519025642528
5.951837904927
5.9518383187505
5.9518980892505
5.9519960450665
5.9520833828293
5.9521204863267
5.9520918704406
5.952036282892
5.9519888491161
5.9519450396371
5.9519425738273
5.9519786873101
5.9519914246808
5.9519945326166
5.9519432758612
5.9517900198152
5.9516299862113
5.9515415469558
5.9515107949689
5.9515406879978
5.9516338738659
5.9517570935229
5.951841288803
5.951861061877
5.951826467563
5.9517871438899
5.9517436072006
