70.0
70.0
70.0
70.0
70.0
70.0
70.0
70.0
70.0
70.0
70.0
70.0
70.0
70.0
70.0
70.0
70.0
70.0
70.0
70.0
70.0
70.0
70.0
70.0
70.0
70.0
70.0
70.0
70.0
70.0
70.0
70.0
70.0
70.0
70.0
70.0
70.0
70.0
70.0
70.0
70.0
70.0
70.0
70.0
70.000000000002
70.000000000018
70.000000000132
70.000000000891
70.000000005401
70.000000029329
70.000000142455
70.000000618151
70.000002393926
70.000008267411
70.000025447225
70.000069807786
70.000170807627
70.00037361258
70.000733873539
70.001304855826
70.002126153697
70.003227887626
70.004651783296
70.00646936389
70.008778910625
70.011694689823
70.015357260016
70.019958709345
70.025748106483
70.03302130396
70.042141971836
70.053604506603
70.06810273297
70.086598714037
70.110406337174
70.141213977156
70.180879020669
70.230914038769
70.291825333616
70.362659787234
70.44115407093
70.524711458006
70.611851265901
70.702954927236
70.799318906998
70.901451189115
71.008798327718
71.120977624224
71.238224978129
71.360574957564
71.487747015073
71.62002899513
71.758291849047
71.902807193021
72.052903669935
72.208466884997
72.371014139108
72.542553029921
72.724380298202
72.917177459877
73.120539703646
73.332941903708
73.554511324387
73.78866789207
74.038921229359
74.305953787996
74.588636656503
74.88484070084
75.19143249907
75.505652048125
75.824569124902
76.141058646007
76.439184198401
76.692812820478
76.868860036924
76.927509781306
76.824932665526
76.535300767425
76.067812517632
75.4578226299
74.770129170594
74.106290599846
73.559291920733
73.169267560686
72.94464952204
72.858621762677
72.82764932479
72.773779458422
72.619834173191
72.27104798708
71.777894435454
71.263190877781
70.436591849989
69.251462961675
70.956877460898
80.418608630643
80.691792271137
78.211333422183
73.026634940152
68.372642845266
64.388620656752
64.60504509458
64.42250575856
64.726533638231
64.476339823306
64.50081952424
64.220699816506
64.112748453615
63.903113052629
63.793539385476
63.467467113255
63.645938277496
63.528467041677
63.046435060037
62.817331568347
62.78172082953
62.519288527372
62.245512003049
62.161171844938
62.101863306154
61.821250636763
61.728062182494
61.684498242161
61.379724178405
61.214196795738
61.120061726078
61.076494603771
60.998414686514
60.880510685737
60.630634221082
60.731138864901
60.629068734997
60.514348764634
60.326690334322
60.314964613426
60.511184383582
60.222619135511
59.973350840793
60.265914093211
60.177017960241
59.94683675456
59.9948114014
59.983029313927
59.972846618511
59.930026434137
59.962104368288
59.812221467579
59.760120440737
59.835423684401
59.773269437991
59.642737440518
59.691577082031
59.704164363979
59.692974871989
59.671419556031
59.752971671769
59.667939569226
59.709299698387
59.542195989586
59.597931441419
59.720770580214
59.534311592448
59.505502262644
59.63581807915
59.576744680753
59.481207247136
59.618593043736
59.624176396298
59.574971315893
59.673126810548
59.598200274403
59.484470007154
59.686361018635
59.672091664267
59.452499940389
59.570895994451
59.657041290678
59.507702652378
59.501681288537
59.670537034878
59.621706843935
59.540104989379
59.538889266324
59.579939610929
59.537468685172
59.569791017046
59.628152747926
59.522650351263
59.481847972061
59.571286752822
59.552477427374
59.494565943963
59.623196688801
59.589036945785
59.549254465402
59.57231187717
59.629844359847
59.692592332674
59.663109564356
59.628796781
59.641218401801
59.70493563073
59.729762223248
59.767956097725
59.72966622029
59.69777297109
59.806170589044
59.925019586025
59.886789019268
59.848772280514
59.87294633104
59.799131932046
59.747737046513
59.779386470424
59.804879225988
59.800852338275
59.847900315648
59.916514868624
59.922320494814
59.836864701786
59.934854554245
60.130106080061
60.048917291158
59.954917904441
60.007830256837
59.997536483755
59.925860652368
59.937990057064
59.948133866781
59.912752235571
59.893642665164
59.947636891233
59.961321922995
59.982049902013
60.113082376183
60.151495115045
60.127856972648
60.145961416297
60.13855123017
60.132362294727
60.126981446059
60.07805324667
60.050682391132
60.085151445404
60.103482885504
60.072082632919
60.064053749316
60.120950581562
60.165910285702
60.198096005111
60.222790785365
60.229050897452
60.275153978021
60.280394092483
60.239742192582
60.241248396204
60.225546191165
60.199801370112
60.217668956076
60.217554731095
60.220681142429
60.229899543027
60.22196679459
60.231857368607
60.21736523251
60.226719072911
60.288557799958
60.341784925619
60.33355070772
60.30064023947
60.310263718324
60.325623973721
60.287077748174
60.301286356276
60.408165676446
60.414779448712
60.36698737173
60.392190324531
60.403229260499
60.376834186785
60.362937503442
60.376131076016
60.383426536458
60.372400837966
60.356125273518
60.358659270686
60.396055103834
60.417901990094
60.433778095228
60.488344423185
60.513548291102
60.509107876463
60.533778523353
60.556996082998
60.561655519094
60.546344471704
60.525619507928
60.49833581789
60.483746061419
60.502405975032
60.481923065279
60.43010542202
60.411649478286
60.396692309224
60.345308335908
60.319291192213
60.281958484921
60.137772409743
59.93437556427
59.825718876337
59.829447040491
59.848601434784
59.82383632024
59.762805802761
59.731570915189
59.770049246905
59.77858084452
59.748855751708
59.754286827698
59.739257727125
59.684238237207
59.629662508383
59.591045952158
59.518127381845
59.397779810754
59.327125225948
59.31926741165
59.317111151473
59.315745102053
59.350211394997
59.356328683827
59.318801846729
59.305605519315
59.301816364626
59.259838599352
59.200178451773
59.17132565432
59.197800617407
59.261727897774
59.329507323135
59.402774347598
59.406301540982
59.329484280418
59.267635459393
59.297313833438
59.353916794473
59.373538592979
59.337703910692
59.254204340157
59.169024472142
59.09530356775
59.019558606305
58.965791063522
58.953058640185
58.925670275712
58.884743724679
58.841461379561
58.810511026978
58.823406797855
58.865217090964
58.879420240669
58.835401589171
58.780509890249
58.774156271653
58.832657624193
58.950522036117
59.092429191232
59.201019630555
59.136739672878
58.846940638582
58.509809259485
58.29190550722
58.253625528636
58.347571008853
58.591420237141
58.951973746431
59.320779523248
59.492693062007
59.493337145006
59.380165346093
59.244507525608
59.119446928164
59.04546317968
59.006045170875
58.952121895874
58.89458386745
58.859719141567
58.855442406461
58.850379454231
58.814325581878
58.794105517021
58.824678939379
58.889688874318
58.976948270793
59.084995382221
59.173568289516
59.188840744578
59.099168129138
58.924343370641
58.782187163328
58.779436451038
58.895457077327
59.074937880811
59.253264483559
59.305207277547
59.181889660692
58.993575519095
58.827789963306
58.658143293792
58.477621834909
58.329796944074
58.273235776627
58.385210702865
58.636666387302
58.912736736144
59.114488215336
59.181105795613
59.117172686959
58.970959250782
58.857900616081
58.841165409213
58.854212081887
58.88434623229
58.933362474099
58.934112298679
58.90263606681
58.815841753183
58.635088731447
58.529559743131
58.581991283482
58.718455242586
58.919702659964
59.156604545851
59.338963150034
59.394842868108
59.312331965111
59.12641220715
58.922201493486
58.755802987125
58.622442773175
