0.0
0.0
0.0
-3.3071763862774e-69
8.657434939992e-60
-8.5613686778105e-52
2.1414683504619002e-47
1.3559474285896e-41
6.2890158558618e-38
1.7151386038239e-35
-2.7951452657099e-33
6.663619046436e-30
1.9853152783169e-27
1.570047629761e-25
4.2375539881373005e-24
4.5569348353901995e-23
2.8070127555233003e-21
1.8836119569141998e-19
1.9592128589400003e-18
-4.6312703909865e-17
-1.1133448959765001e-15
-1.8585488827742e-14
-2.473941956709e-13
-2.6402866175846997e-12
-2.2619750856577e-11
-1.5581917531025002e-10
-8.649408558766901e-10
-3.8766089582104e-09
-1.4045678080173e-08
-4.1147007115011e-08
-9.7456899572006e-08
-1.8715495452071e-07
-2.9546428233557e-07
-3.9900866216673e-07
-4.9732802833718e-07
-6.1910517372967e-07
-7.8428311478017e-07
-9.9047149470227e-07
-1.2459312178601e-06
-1.5683039527896e-06
-1.9639998042974e-06
-2.4573653612011e-06
-3.0994008748468e-06
-3.916443007766e-06
-4.901912803885e-06
-6.1322382107131e-06
-7.8083623328491e-06
-1.0054620062805e-05
-1.2935949129315e-05
-1.6554637095548e-05
-2.0629190248448e-05
-2.4350031410362e-05
-2.675136210516e-05
-2.7358628775622e-05
-2.7224032967945e-05
-2.8419051343733e-05
-3.2050384759981e-05
-3.7435257717766e-05
-4.2825412486196e-05
-4.7408455130304e-05
-5.2358972796391e-05
-5.9085814306816e-05
-6.773797770709e-05
-7.6796163949856e-05
-8.2181944534165e-05
-7.6565609682961e-05
-4.7640876281067e-05
2.0754463312904e-05
0.000140484447207
0.0003137914516089
0.000524179795926
0.0007286934527762
0.0008781222757917
0.0009200567624401
0.0008006204009471
0.0005799272086195
0.0005687057193955
0.0008511988874167
6.1287784227065e-05
-0.0027633459924684
0.0002535805630325
0.027683211102657
0.093420949097828
0.18380806049198
0.29147885170686
0.39888467740053
0.49590380371898
0.57622199165837
0.64984401991725
0.71650878331457
0.77992714492688
0.8368998364869
0.89165013045218
0.94356702178304
0.99465899856136
1.0438251873278
1.0922995888736
1.1395595250721
1.1843820819766
1.2295210993812
1.2733541098022
1.3170294484407
1.3590856416827
1.4007311734214
1.4426355592689
1.4834756354971
1.5225865135589
1.5611337389184
1.6004031151702
1.6393673353133
1.6772154607231
1.7145739256743
1.7507672418748
1.7855481441972
1.819552107993
1.8535542045985
1.8875150536988
1.9205136249828
1.9530451373605
1.9860126588843
2.0179184443684
2.0490404962893
2.0807721765346
2.1124631732481
2.1440250890827
2.1755520415993
2.2063031146137
2.2359849477439
2.2656548655189
2.2960583731844
2.3276161895606
2.3581099963438
2.3889501530508
2.4196968995259
2.4493372294615
2.4796402674528
2.5100492592644
2.5401899333654
2.5706806169927
2.6002665139467
2.6298019424748
2.6599772153543
2.6894755889457
2.7192170902442
2.7497804361855
2.7798914716307
2.8110631478291
2.8425976356333
2.8731811577718
2.9035242844489
2.9345912440858
2.9655114331992
2.9957550765436
3.0254775998161
3.0561859680821
3.0863175084852
3.1159428544156
3.1460409942762
3.1751509143347
3.2025020974785
3.2300704243776
3.2582194304808
3.2864460124463
3.3149437308765
3.3446218605534
3.3743906575049
3.4030906685788
3.4308209836916
3.4583861415937
3.4853315873612
3.5125119019531
3.5398133084614
3.5670818087419
3.5940230894396
3.620614879879
3.6474006473929
3.6744341228202
3.7005982201729
3.7265028123119
3.7534851257947
3.7808130934573
3.807326328649
3.8344886529241
3.8620240308304
3.8886503634649
3.9142462431483
3.9395460098546
3.9642080910252
3.9891590664121
4.0146140433805
4.0403983489421
4.0664293952424
4.0934536912354
4.121153355678
4.1483418075974
4.174461459232
4.1998810862938
4.2248213510168
4.2493309730988
4.2728387567523
4.2965305378019
4.3205585409417
4.3443221241695
4.3684342406739
4.3928447541671
4.4155180154257
4.4364450317447
4.455823094905
4.4736274564842
4.4907436820689
4.507475193319
4.5237446100585
4.5405883744485
4.5578430473017
4.5750998142373
4.59248693128
4.6105778503936
4.6289973671608
4.6468862167865
4.6640809008504
4.6810200162841
4.6973222159276
4.7132175306346
4.729534501732
4.7463947790489
4.7636512766347
4.7811137714917
4.7979579917152
4.8141768287219
4.8301818511457
4.8459916585354
4.8613997220878
4.8768151901116
4.8925033040062
4.9082779503329
4.9239647766771
4.9398514629677
4.9561487004069
4.972410239836
4.9885265328137
5.0049485953891
5.0216133654755
5.0379311562491
5.0541118607686
5.0710486653772
5.0883184452695
5.104891857972
5.1209070059851
5.1367134012313
5.1523043719034
5.1678948435617
5.1834145955375
5.1985659066113
5.2136822363468
5.2290387528726
5.2448222886948
5.2609783013188
5.2770848763936
5.2931420326277
5.3096993696214
5.3267614955896
5.344088145799
5.3614823228094
5.3787281601245
5.3952914586955
5.4107993146733
5.4256510140515
5.440388881301
5.4550078037659
5.4697280946543
5.4849081856471
5.5010734872625
5.5185242340901
5.5368748279137
5.5554492556972
5.5741071945542
5.5929193220961
5.6118406602242
5.6308077560222
5.6501143174113
5.6699560199753
5.6902380720348
5.7107394478206
5.7316480585225
5.7528840634931
5.7735263438131
5.7923193037952
5.8089423428638
5.8238316502447
5.8373806236703
5.8499436208631
5.8621694791046
5.8744066462752
5.886725214746
5.8990022698444
5.9111900939103
5.9234326047416
5.9357871352812
5.947773043507
5.9590943438416
5.9699172197068
5.9806339153123
5.9914477330069
6.0024670027535
6.0139506519082
6.0259126674554
6.0377974795374
6.0494733567183
6.0611142130626
6.0727966441125
6.0845181345326
6.0959555485292
6.106825224747
6.1175782557813
6.1286371828294
6.1399907495823
6.1514097326096
6.1627826413598
6.1742476027787
6.1858136822714
6.1971967345472
6.2083714000628
6.2193451448781
6.2299735641809
6.2402384939442
6.2504921956695
6.2610671054917
6.2718881388491
6.2826784205273
6.2933700953075
6.3041404181009
6.315274918125
6.3267801080254
6.338590276871
6.3508120483279
6.3632405645021
6.3752713323819
6.3864614831342
6.3967620500613
6.4064331293652
6.4157345136394
6.4248808163556
6.4340863600752
6.4434460690786
6.4529381151501
6.4626001646843
6.4725126185286
6.4825068016488
6.4922920354415
6.5017714252396
6.5109705040893
6.520293348603
6.5304440501335
6.5416968188134
6.5538709200317
6.566614613622
6.579283412336
6.5910712693337
6.6015693244723
6.6109730817521
6.6197799210403
6.628504841332
6.6375395501097
6.6468583931987
6.6561283842618
6.6649903059948
6.673016537181
6.679872387479
6.6856969345201
6.6908345527681
6.6954375909367
6.6996443053393
6.7037194893603
6.7077661259304
6.711576259972
6.7147046976709
6.7168965114824
6.7183744694215
6.7195750290546
6.7207482840575
6.7220911249217
6.7238142539372
6.7258361308203
6.7278069205309
6.7296383608288
6.7316625786372
6.7339641435063
6.7362197123645
6.7380234917205
6.7392034927256
6.7397944331579
6.7401266128429
6.7408868418136
6.7425032145343
6.7450195969561
6.7479068367912
6.7506700362264
6.7528984669873
6.7546916994951
6.7565634880192
6.7587861996228
6.7613340781748
6.764125018976
6.7670717273343
6.7700694940902
6.7730996542098
6.7764445488733
6.7803002333762
6.7845537155128
6.7886157887941
6.7920068472187
6.7946774979807
6.7969977095386
6.7994544074043
6.8023620753676
6.8058195696992
6.8098057755595
6.8140808570585
6.8185283650471
6.8232302892497
6.8281997225749
6.8330397519363
6.8374032910245
6.8413003340194
6.8448226396192
6.847995618037
6.8509962737052
6.854225379702
6.8580161375166
6.8623087031352
6.8669263025019
6.8719250070925
6.8774468252649
6.883544907118
6.8901132288621
6.8967607208023
6.9030145066576
6.9083413556288
6.9123678128204
6.9152853577068
6.9177761803378
6.9207332824071
6.9249263904289
6.93058527949
6.9374892417663
6.9454100457385
6.9540481089683
6.9627489745582
6.9706440047254
6.9771641968514
6.9822351922118
6.9861649760875
6.9894565889584
6.9923494650275
6.9947395684402
6.9964289571641
6.9975900904928
6.9988588145087
7.0007508850032
7.0032236585878
7.0057729341652
7.0080713576166
7.0102721294078
7.0124415480923
7.0144236809951
7.0159344971352
7.0167371962072
7.0169028103917
7.0168975207734
7.0168693447247
7.0168037310345
7.0167074954234
7.0165969774811
7.0164670719931
7.01636098566
7.0162949741286
7.0162373977971
7.0161690101261
7.0161308095751
7.0163899140522
