0.0
0.0
0.0
3.0348842013674e-67
-7.6677335755645e-58
6.3630440075254e-50
1.9592810874369e-45
-2.7354613119723e-40
-7.1530548831628996e-37
5.6767558304525995e-34
1.4633961830895e-30
6.1620815888846e-28
9.3964591715784e-26
6.756568851632e-24
2.7453158195069e-22
6.4509850076503004e-21
-1.208638051417e-20
6.9277303707919e-18
1.8954410857024998e-17
2.5176077409809e-15
3.6987558607442e-14
4.0757745988765e-13
3.177965563586e-12
1.6344391821310002e-11
4.0571318324812003e-11
-1.1292818543322001e-10
-1.5475588657395e-09
-7.0523505254906e-09
-1.7329462690308e-08
-1.857561419837e-08
1.476131264197e-08
6.4042757832599e-08
5.4494086558488e-08
4.1895489009437e-08
2.0816531912386e-07
3.1210063305726e-07
-2.1138854241261e-08
-2.5287871200253e-08
8.0891369522856e-07
7.3961646427593e-07
-4.5965579537066e-07
2.3597600505576e-07
2.3171128458229e-06
1.2401267911015e-06
-1.3377038718051e-06
1.5228500073808e-06
5.0782188944394e-06
4.9490253926227e-07
-4.4465850671665e-07
7.40904640157e-06
7.5958146650984e-06
6.3792862988604e-06
1.2121781598623e-05
9.5574298482337e-06
5.8612331869934e-06
1.0781169076934e-05
1.0230885598428e-05
1.0134359614e-05
1.9719780039451e-05
1.9512424620505e-05
7.9241087830306e-06
8.8469625431076e-06
2.2168451443982e-05
2.5243138815356e-05
1.8666524037592e-05
2.6519128504265e-05
1.3929941949931e-05
-1.608134810871e-05
-6.4971110713689e-07
-2.586371138924e-05
-5.0475362511904e-05
-5.9441423660989e-05
-0.0001728688284519
-0.0001280736415809
-3.3442696423247e-05
-0.0002254317291283
-0.0006510840269147
-0.0002018048418595
0.0004253062765385
0.0008052960410266
-0.0002964007493097
0.0023531769381135
-0.0024093949650528
0.0006809859411371
0.0002532403407196
-0.0014523144248657
-0.0020359349015231
0.0026032477084881
-0.0002895339322295
-0.0018095259995077
0.0018906600832924
0.0018412428627768
-0.0032959962625645
0.001595129942622
0.0005132789759221
0.0008138602227703
-0.001510268147098
-0.0009817486533059
0.0030932345731927
-0.0013337976008998
-0.0005420385434495
-0.0005373288549659
0.0022319598724785
-0.0018087910586884
0.0002799125329966
0.0004460844684528
-0.0005561556801758
0.0009419993185488
-0.000477409351185
-0.0012097458779392
0.0021809824126917
-0.0012179183077388
0.0001177512629624
-0.0009739813313647
0.0022796175783935
-0.0015907223309242
0.0001574491596212
-0.0006056452255709
0.002621756589205
-0.0028286947624467
0.0001394706423907
0.0015759826117012
0.0001137628905079
-0.0020744344899848
0.0012954942708809
0.0007934937651166
-0.0009365283655471
-0.0012036980042263
0.0023158687433966
-0.0007761734520439
-0.0005790773884628
-0.0001118242056508
0.0009602890610693
-0.0009226531024308
0.000394833761752
1.1474953542922e-05
0.0007067471470056
-0.0017263060191564
0.0012178047235079
0.000461237591276
-0.0006900517254271
-0.0009126351213417
0.0015319560498162
-0.0006262640900756
0.0002670103462776
-0.0004424016375237
0.0001448517907842
-3.6306036710343e-05
-2.4229359785188e-05
0.0002191151520225
4.9246357458621e-05
-0.0004917677326021
0.0003616730230193
0.0003846003014729
-0.0004693479644712
-0.0004520485699099
0.0007980056979439
-0.0004336783074432
0.0003217331583149
-0.0001538940886725
0.0003007538374566
-0.0006849299282629
0.0003130843302834
-1.9806003570544e-05
0.0001184924082409
7.8678782622355e-05
-0.0003149538564617
5.1856983329657e-05
0.0001620373218491
5.5914932706181e-05
7.4331251220805e-05
-0.000287748602501
-0.0001013046985631
0.0004000560303696
5.7365627248451e-05
-0.0004330793255569
-1.7028519949669e-05
-0.0001968379648387
0.0006627598106989
0.0005267793574681
-0.0011802041520514
-0.0002047316719933
0.0009168162634631
0.0001979583134526
-0.0010260578200194
0.0003068505634695
0.000632218413954
-0.0003438486440687
-0.0005815301558964
0.0006407662511254
-8.2882435337162e-05
2.141739050554e-05
-0.0002506548905989
0.0002041034243838
3.6574740969186e-05
-0.0002517880892671
-6.6393306163981e-05
0.0006730898861162
-0.0004103249161779
2.8263614915147e-05
-0.0003131501577602
0.0002771794324729
-0.000196636567229
0.0004467051391454
-0.0001131000073817
-0.0001451409282315
-0.000204132706294
0.0004528002157666
-0.0003878277004432
8.7254554870242e-05
5.9786591410926e-05
-4.6017762489469e-06
-0.0003605234640158
0.0006437528891734
-0.0003408685351757
0.0002614815865831
-0.0002461945835641
8.775389133131e-05
-0.0002978898941297
0.0002144320902397
2.6627567950577e-05
0.0002056055636856
-0.0005056187303731
0.000389255754496
-0.0002226938967231
0.0001289326456266
-0.0001689822253681
0.0003176591535369
-0.0002587394215547
0.0003133391172971
-0.0002980532399998
0.0002391657241585
-0.0002041377774153
4.1150366647535e-05
-0.0001510715635921
0.0002622286154663
-0.0002124566491179
8.6305957469612e-05
-8.5162878504796e-05
0.0002738568387394
-0.0002345098443656
0.0002887545004215
-0.0003581897218829
9.4162434405298e-05
-2.3780384217353e-05
0.0002698999457928
-0.0003196641512825
-7.8655958457574e-05
0.0001978943278135
0.0003219361176753
-0.0006234038486319
0.0002046902516816
0.000362096360118
-0.0001252393192041
-0.0004037802562084
0.0002850829792011
-1.8144156821442e-05
-5.0368323889494e-05
-0.0001433998398692
0.0003413440336164
-0.0001366991100093
-9.5616355344497e-05
9.0741214320289e-05
5.8833433969063e-05
-0.0002908621255626
0.0002663678794201
4.6955174881624e-05
-9.8425868388929e-05
-0.0001337336763551
0.0001738356445013
2.5664383773716e-05
-0.0002114509544792
-5.187602793999e-05
0.0003621968732936
-0.0001303078780878
-0.0001313548854353
1.9990975874684e-05
4.0277870017036e-05
-5.1974423942447e-05
0.0001192634013103
9.4691912178035e-05
-6.7595474417814e-05
-0.0001606003926291
0.0001185011562432
0.0001073337438706
-0.0001746911049593
-0.0002011253148248
9.7873208448895e-05
0.0001935459660318
-9.9861463431772e-05
-9.2267616658148e-05
0.0002853008362446
0.0001454910329989
-0.000216897006755
-0.000102029029092
0.0001208176637845
6.7491390953744e-05
-0.0001858147027356
5.6529143444006e-05
7.988550220217e-05
-0.0001830509594014
-0.0001424012437301
0.000235512167479
0.0001622634602238
-6.9726841567252e-05
-0.0001065285158197
8.4216390838776e-05
-0.000147005751816
-0.0001084299889431
0.0002319471764322
0.0002408714794843
-0.0002912843818814
-0.0002002071520235
0.0001987498715716
0.0002317014140107
-0.0002222850954414
-6.2117185739563e-05
7.7481052707107e-05
-4.7352798149269e-05
-0.0001698817920892
0.0002006839872392
0.0002166205304909
-0.0001421909703869
-0.0003221087530591
0.0002306798664641
0.000176909431504
-0.000156345132174
-0.0001017033457895
0.0001820568833244
-3.4772103474356e-05
-5.5865555792511e-05
-7.5088481565899e-05
1.8895958153742e-05
1.768594144469e-05
0.0001149481897
3.1779904730023e-05
-8.3338324230464e-05
-0.0001881179353957
0.0001015290351236
9.079055570127e-05
-1.0001203859522e-05
-5.6961628158714e-05
0.0001401447942361
-2.4096415979224e-05
-0.0001372903269236
-4.9543948038577e-05
0.0001100195212433
-3.2866947496933e-07
3.2699978319561e-05
1.8836534027011e-05
8.5291012585918e-07
-0.0001593631162366
2.9666582229693e-05
0.0001128599693756
4.7692495919183e-05
1.1998090387877e-05
-7.7849826751741e-06
-0.0001487486731177
-1.0954829587906e-05
-1.4555348115675e-05
-2.7463773882852e-05
8.7683838578822e-06
9.9048079277297e-05
6.5963811751724e-05
4.3836301460987e-05
-4.7289676241569e-05
-5.7913828099831e-05
-0.0001123268823566
-1.9172991316818e-05
8.3915190227102e-05
0.0001224834499186
3.175143029055e-06
-1.5332811950652e-05
-2.2138500338498e-05
-6.5516108849195e-05
-3.7966762957142e-05
3.6041296798406e-05
-9.1518040049032e-06
6.1131761319722e-06
-2.6271751323026e-05
5.2334344342875e-05
0.0001143096716144
-5.8632506037826e-05
-0.0001468319832689
-1.4724735170665e-05
0.0001385650930779
9.6466106177043e-05
-7.0829003927242e-05
-0.0001451992702024
7.9077692567708e-05
9.0477547080858e-05
-4.1519454267724e-05
-0.0001111661370109
0.0001036896342815
9.5086087556484e-05
-1.6673769134834e-05
-0.0001831213897685
-4.7481290704754e-06
3.085390007096e-05
2.8534218735055e-05
-1.5232648956087e-05
-2.3528194476041e-05
5.6525210834213e-05
-7.4216928658277e-06
-7.875206401442e-05
5.1461336386671e-05
8.9910386108505e-05
0.0001271315009654
-8.2572954174243e-05
-3.6744806380939e-05
-4.0632127362716e-05
-7.6383977959393e-05
-0.0001118193711791
3.4785560931727e-06
6.3661419497096e-05
0.0001007146168186
6.7077883469935e-05
2.029800618697e-05
-5.9994587908729e-05
5.2850440435126e-05
6.7907972189917e-06
-4.3281535988537e-05
-8.3378002563306e-05
-1.9558634367645e-05
5.4464909693408e-06
3.5967359857114e-05
1.1119949405725e-06
5.3520425224995e-05
-3.4326900744119e-05
-2.9981794280598e-05
1.7764690318778e-05
4.55594340254e-05
-0.000121187586155
-1.2955978245799e-05
-3.6533189640142e-05
1.6979706196629e-06
-2.8385894967897e-06
0.0001328543805634
8.1714304123182e-05
0.0001267242008551
8.399601889586e-05
0.0001069638703943
2.429383532121e-05
-0.0001013148042905
-0.000215015321292
-0.0002254830647863
-0.0002475529007672
-8.4142256595587e-05
8.8898209338328e-05
0.0002188603641317
0.000167928122341
0.0002441381967255
6.6648414875914e-05
-0.0001867250332909
-0.0003059801649829
-4.5189287534165e-06
0.0001660880774356
6.8713784340257e-05
-4.2340235473226e-05
2.4219560290639e-05
2.4489851058185e-05
-7.860666201287e-06
-3.9837966031575e-05
1.1573173180901e-05
-7.7143053806017e-05
-3.3748492794805e-05
9.1004887275981e-05
-8.6769457063873e-06
-0.0001172671807325
4.2199402755516e-05
-4.1387067234444e-05
9.3102828979674e-05
-2.4817981847391e-05
7.2198088280073e-05
-3.9527281892049e-06
5.7588095425665e-05
-0.0001113810543962
2.3633931367506e-05
3.4785585595332e-05
-8.8546582277527e-05
