0.0
0.0
0.0
0.0
0.0
5.1583650137601e-126
7.378442067081801e-112
1.2999618767221e-102
2.9965006002371e-95
4.9265656087687e-89
1.2814688632576999e-83
8.3404775749761e-79
1.8242649498125e-74
1.6450743511342e-70
7.1014117666684e-67
1.6433729515634e-63
2.2266096289378e-60
1.8945737688426e-57
1.0715272644184e-54
4.2213663773797e-52
1.2047215640981999e-49
2.5748048911134004e-47
4.2403109532316e-45
5.5148215299021e-43
5.786724596580699e-41
4.9912815862979e-39
3.5972034836225e-37
2.1972942644165998e-35
1.1517740852837e-33
5.2367959045346e-32
2.0846717233891e-30
7.326011544012799e-29
2.2898374489355e-27
6.409821131719e-26
1.6170264990423e-24
3.6958282565253e-23
7.680134847865701e-22
1.4530816696461e-20
2.5096184701532e-19
3.9698560473667e-18
5.5518022015241e-17
4.852597714559001e-16
-2.9023101545611e-16
-4.5255753358989004e-15
-4.040172768997e-14
-3.3012259067177997e-13
-2.3912670778655e-12
-1.5329047355760002e-11
-8.6697253388961e-11
-4.313662754813e-10
-1.8827071520192e-09
-7.1848587827186e-09
-2.3884177909437e-08
-6.8846102397005e-08
-1.711322503757e-07
-3.6444483295925e-07
-6.6011333760211e-07
-1.0100788544349e-06
-1.3028523440392e-06
-1.4360864094791e-06
-1.4276320115487e-06
-1.4334952921455e-06
-1.6122081777394e-06
-1.9885124138443e-06
-2.4913237362074e-06
-3.0862248828929e-06
-3.8337637325312e-06
-4.8641463252583e-06
-6.2326571983336e-06
-7.7725472290235e-06
-9.5375494737242e-06
-1.2497896780778e-05
-1.7710734327218e-05
-2.4637567212643e-05
-3.2033020079408e-05
-3.9670409877141e-05
-4.5507225241257e-05
-4.2849899156916e-05
-2.6312432715692e-05
5.5846890824463e-07
2.7498072730126e-05
4.3323439183148e-05
4.0648184250318e-05
2.5818612965517e-05
1.8234044081471e-05
2.5627745197656e-05
3.4572714328562e-05
3.5723975716211e-05
3.3332032523407e-05
2.8971782495122e-05
2.2362268088332e-05
1.8759027532018e-05
2.2087497343596e-05
3.0019429269709e-05
3.0499608385148e-05
1.2223141452206e-05
-9.0989102584241e-06
-1.0392742489176e-05
-8.2306785515818e-07
8.4623938120592e-06
2.4779975429446e-05
2.2608648702531e-05
-3.0855958021807e-05
-9.2301267375831e-05
-9.8673802534984e-05
-5.4268830022364e-05
1.097409286408e-05
7.4098122466223e-05
0.0001297588185008
0.0002256853554331
0.0004234108941843
0.0008020295786125
0.001454177277194
0.0023245356509402
0.0032767721339352
0.0042223946969481
0.0048705085252781
0.0047853975098205
0.0038063089902858
0.0019615999631576
-0.0006086134268913
-0.0031411626177672
-0.0046170166824617
-0.004946759065457
-0.0042628852717226
-0.0024879727955085
-0.0004962050790416
0.0017900950091739
0.0038887066607905
0.0021259575403203
0.0009581874668936
0.01465239030785
0.018912655497223
-0.096451083252003
-0.25946483536411
0.29519081794678
2.1311872239226
3.5538997318827
4.4447147611755
4.3641692624632
4.1195835360175
3.5939290530648
3.2805149887924
3.0919134003489
2.9237792887049
2.8210379725917
2.7603425444893
2.7216475173562
2.6307858742491
2.443536320582
2.4307003109859
2.3909289665316
2.2377990077988
2.1393726227919
2.1867772543112
2.1284134205991
2.0948747099472
1.9937869538929
2.0026157742805
1.8862003756999
1.8403607427242
1.8726453056748
1.7340822277614
1.6955582719758
1.7363412938929
1.5938653240227
1.618763637829
1.5676233125189
1.506650226818
1.5114951370141
1.437523472606
1.4364320870827
1.5226996284108
1.41596789461
1.3901759358983
1.3172019159704
1.3594395260091
1.3778999059653
1.2672147709646
1.2506270543481
1.3223275135967
1.2597952054955
1.2244859689432
1.2467785436368
1.2219318966725
1.2016836966312
1.219585009188
1.2286886833756
1.134692303328
1.1818499760654
1.2158250873799
1.1364087532726
1.1401727335693
1.1618939148642
1.1320173760648
1.0573913122675
1.119986744291
1.155892799977
1.0697288927156
1.0900758443885
1.0697094395624
1.0935857990571
1.067365902934
1.0333029514866
1.0592250155312
1.0588352763278
1.0465180490467
1.0533102003166
1.0491709461068
1.0552142323421
1.0618501046427
1.0214528449305
1.0085012278061
1.0274299273449
1.0139789979151
0.96564987420251
0.98952705167861
1.0390064426616
1.0065345373517
0.98531287968413
1.0173923161791
1.0154194944874
1.0065055009385
0.99771866836154
0.96754726710362
0.98404779844685
0.95354629052302
0.90667637076613
0.92612293892582
0.93885324333129
0.9228897755527
0.92576070960515
0.90205114829782
0.85642580436751
0.79262674667255
0.72246643660527
0.65978733141208
0.62992652447331
0.68485515898633
0.72828440465571
0.73354656730658
0.71995821119604
0.7139618046736
0.71773705956204
0.71530091746581
0.70204050187108
0.64295643076768
0.5962225190455
0.61094441550722
0.6529100188196
0.66565974603812
0.69165573914063
0.67861071847375
0.65492045679747
0.6593400329443
0.65410686973095
0.63804743667895
0.61075375700774
0.60274226576489
0.6379399299707
0.62895829501741
0.59770941762096
0.62422090792928
0.63533842908505
0.65277196239215
0.69671350233413
0.67223845627709
0.64483474246231
0.68756352249295
0.70860845496057
0.67556944134957
0.6538801858607
0.65779381560844
0.61784216798628
0.5667871129301
0.57998725923838
0.59820946117029
0.60926594655513
0.6331185080068
0.64223108207671
0.67551197938656
0.69493041989581
0.66612457158861
0.63003568565385
0.60905719824262
0.64792336926018
0.67788336948702
0.61867981752712
0.58154530628087
0.6053170121934
0.62068887598343
0.622623270921
0.60800432392973
0.61466155761138
0.63377361878949
0.63293481899223
0.64219682391133
0.64638897734284
0.64931169749656
0.65917949523104
0.65745464023266
0.66766533519278
0.67452998214712
0.65702497842111
0.6632294286355
0.63871088732732
0.58610763311222
0.59068606564026
0.62740022714642
0.64297834808151
0.62690460574331
0.61084151649453
0.61491923157639
0.62162953143847
0.61488191845314
0.6425049640491
0.68546866334422
0.68171854626335
0.6727622692047
0.67535126329439
0.66583291088804
0.67502125904788
0.71068064121214
0.72942537202181
0.71251975108062
0.69011924264295
0.687422606428
0.68041761060975
0.67055152918911
0.67665626239446
0.71418359922504
0.76934865022942
0.82062568149297
0.85572772798876
0.85920772460248
0.82462712978639
0.76710694369808
0.68932713178462
0.58636186398431
0.46944686677648
0.36968505258734
0.29912838389983
0.26284084446644
0.25644101377367
0.26240375603912
0.24302235387879
0.19775541781044
0.17431709631452
0.17957768849044
0.17257611524251
0.15690449831105
0.14657248708616
0.12967389224698
0.11263044905263
0.10397953769044
0.11068533978928
0.14836034271113
0.20482189563822
0.23020592279437
0.22137936366917
0.20253412998272
0.18102443968786
0.15741075242168
0.14198356244037
0.14778859813696
0.15273312234996
0.15692252059942
0.16777805977846
0.16795831434173
0.14073823611582
0.12420805761941
0.14492511581636
0.16172689354796
0.1580011751976
0.15827572832663
0.1733444557086
0.20477137752657
0.2194105374695
0.20453226922825
0.19230647225541
0.16497529741812
0.1321801913722
0.13713403387392
0.1568214897155
0.15358675418504
0.1493037309654
0.16488602435949
0.17294679934352
0.17306659707508
0.18297803784044
0.20681612802811
0.26331890989972
0.35274054326528
0.44566988893386
0.52848847257181
0.58335513356091
0.571738765289
0.4699355153118
0.32097864480924
0.19750325375689
0.11983449129431
0.095151092311596
0.11561694828899
0.13412759309972
0.1167480824023
0.080061278045918
0.051096181136501
0.019034878247481
0.0066852138406404
0.0020246691747161
-0.0043188252746518
-0.0087057578930683
-0.0098632721986291
-0.010650226923303
-0.009885427908074
-0.0051534034383849
0.0037854703247575
0.006997339265169
0.0038562356085237
0.0003502207739813
-0.0010576565198761
-0.0012939896304687
-0.0005929837598728
0.0002780851005468
-0.0002328041187382
-0.0009123819754819
-0.0009846323941076
-0.000404883268601
0.0003773559384967
-0.000500077901222
-0.0022733388725271
-0.0030075575921273
-0.0023563009637684
-0.0011790102103504
0.0004663896525869
0.0022997689800519
0.0036197527354176
0.0033718952234807
1.1270053690283e-05
-0.0040359726295236
-0.0046470497125029
-0.0028681539728126
-0.0005361732569042
0.0024724438212331
0.0041207905059792
0.0029696103638344
0.000674708815751
-0.0004619981410769
-0.0005033866727899
-0.0009719219150383
-0.0020827565503367
-0.0038820486828683
-0.0038810078436313
-0.0013798764321393
0.0011102929882156
0.0033484362042202
0.0040519717316556
0.00280202373375
0.0002624955840246
-0.0020384256558259
-0.00209270232574
-0.0018686751179331
-0.0013734778267605
0.0010266993292873
0.0012138378835402
0.0001793923576798
-0.0002045876335898
-0.0040479813591787
-0.0071384732564184
-0.0052231463371299
-0.0023640374209322
-0.0002508238267751
0.0024104168232952
0.0046542525723226
0.0046354887391686
0.0022206516092638
-0.0003904124938003
-0.0017861006089248
-0.0014329102491217
-0.0020638397387529
