0.0
0.0
0.0
0.0
0.0
0.0
0.0
-3.9134040419891e-145
-6.2869614309151e-135
-9.0926461962036e-127
-7.758562666577e-120
-9.2572385739793e-114
-2.5325409716526e-108
-2.1837100705285e-103
-7.3925646981446e-99
-1.1515127781892e-94
-9.2886522328302e-91
-4.2462648512824995e-87
-1.1802098149082e-83
-2.1093165892871998e-80
-2.5374224822464002e-77
-2.1341988650763e-74
-1.2962448858323e-71
-5.845544162661301e-69
-2.0052753587662e-66
-5.3455628694056e-64
-1.1284658958859e-61
-1.9185574663931001e-59
-2.6669232266809e-57
-3.0725826588862003e-55
-2.9703147879209004e-53
-2.4365370848863e-51
-1.7134227920828e-49
-1.0427189901909001e-47
-5.53939530125e-46
-2.5897903667745e-44
-1.0736393461438e-42
-3.9748938512158e-41
-1.3230113574288e-39
-3.9837624421504e-38
-1.0915770500859e-36
-2.7364462191181e-35
-6.3067498703171e-34
-1.3420475321272e-32
-2.6463451317423997e-31
-4.8496949048966e-30
-8.278464137998199e-29
-1.3184456913488e-27
-1.9612757960955003e-26
-2.7270929010741e-25
-3.5461711402943e-24
-4.3139412267653e-23
-4.9110115806326e-22
-5.2329158935396e-21
-5.2195036170709004e-20
-4.8739301148715e-19
-4.2685943594346e-18
-3.5182685219699e-17
-6.904774681020499e-17
5.3007223076573e-17
6.1012437909407e-16
2.3915514538267e-15
1.1998886868295e-14
5.6912673768289e-14
2.5115316474354e-13
1.00877536077e-12
3.6601122347112994e-12
1.1892308833001001e-11
3.4199935983395e-11
8.560912870528e-11
1.8165900007993e-10
3.1082473065153005e-10
3.7679176767521005e-10
1.4370881171533e-10
-7.103733864724301e-10
-2.3385120783742e-09
-4.4449881583829e-09
-6.5244554954738e-09
-8.7856203376211e-09
-1.2357184731444e-08
-1.6950339204881e-08
-1.8402441093727e-08
-1.3066818151585e-08
-7.4706547968216e-09
-1.4665112101574e-08
-3.1466097829007e-08
-3.6108985826356e-08
-3.0404068043603e-08
-4.8993729364309e-08
-8.1335661881836e-08
-6.4231716072251e-08
-4.3553591592624e-08
-1.6864274868071e-07
-3.514374962918e-07
-2.8513523400025e-07
-9.6533229370157e-08
-3.097047462236e-07
-7.1654416827077e-07
-4.4437236347214e-07
2.7807508518052e-07
2.4426742486344e-07
-2.8993024387552e-07
8.9380443324405e-08
9.6476248101496e-07
8.1030231136037e-07
2.4109820424834e-07
6.6519923042074e-07
1.2151436322438e-06
6.942046361369e-07
1.3695064041142e-07
8.4733478913912e-07
2.2138106792191e-06
2.4307152415859e-06
7.5079613776063e-07
-9.7109713464993e-07
-8.3588877625162e-07
2.2993789233761e-07
1.5295719579811e-06
3.6374637024661e-06
4.0251324107121e-06
5.9301194232919e-07
-1.8956678587978e-06
3.5396096886853e-07
2.8949238312093e-06
2.4342651755438e-06
1.7825778964031e-06
1.7039050198564e-06
5.0369764470481e-07
2.8777175087315e-08
2.9836512538406e-06
6.3019867990732e-06
3.2268138883129e-06
-2.5528995584168e-06
1.7138618635393e-06
9.764961428349e-06
4.2420125578868e-06
-3.6480704401765e-06
3.4659175474072e-06
1.0190425026035e-05
2.5973910577903e-06
-2.2111899200539e-06
8.1488320091694e-06
1.470370206702e-05
4.7155819804523e-06
6.9949710468364e-07
4.4857237813112e-06
-1.7227531468045e-05
-3.9854575417664e-05
4.5180370555897e-07
5.7865964231407e-05
3.547717208896e-05
-4.5019850403172e-06
1.8928569844867e-05
2.9501388565389e-05
1.7686874598244e-05
9.3172001003339e-06
-1.4582547769315e-05
-1.1811347044866e-05
-5.2119598836775e-05
-2.5566108863284e-05
0.000129744237276
2.090431153734e-05
-8.840981094993e-05
0.0001079703537021
0.0001308651346065
1.5028908739723e-05
-5.444486034234e-05
-4.9398199292172e-05
0.0001337482637364
0.0002356392997691
2.1681591627631e-05
8.0603980653904e-05
0.0005927865540933
-3.2859343662706e-05
-0.0013910443043552
0.0007900107666492
0.0057048767094447
-0.011454604585759
0.0031906625144851
0.0016113230957071
0.0019436429212538
-0.0091493679680754
0.0090504466891517
-0.0024325473644726
0.0020229449338327
-0.0063476605569601
0.0059612594834224
0.0008418472742022
-0.0037713363352676
6.848430702533e-05
0.0041297400049878
-0.002668282223306
-0.0022461800911255
0.005375040109179
-0.0057630036627732
0.0052363821923862
-0.0039708289125251
0.003499800058071
-0.0043809249535176
0.0052528681445452
-0.0051013969982972
0.0048375317214688
-0.0048514970641733
0.0038931568437484
-0.0015544342161
0.0001434740578787
-0.0011432322590821
0.0032314423634272
-0.0031404609681651
0.0008342347055379
0.0009281739450806
-0.0012124011553372
0.0010921925059471
-0.0007066239565034
-0.0003490016383001
0.0010644346766675
-0.000412041197606
-0.0010979885956885
0.0025902453100635
-0.0023667817410811
0.0001085662358235
0.0013876118564404
7.5392684784071e-05
-0.0021387082985713
0.0017112417756149
8.2497052500408e-05
-0.0006576308890782
2.8786245187539e-05
0.0003433774880434
-3.8038638661142e-05
-0.0005458592067464
0.0007874143013397
0.0002081135079601
-0.0009584497600023
-2.5597995656491e-05
0.0010018897204533
-0.000210995073191
-0.0012829433771344
0.0009327063853703
0.0008956313842345
-0.0012759980748012
1.50764463136e-05
0.000723009284731
-0.0003094330767838
2.5336730935521e-05
0.0001891741507886
-0.0009620458094161
0.0007205801920484
0.0007691682024635
-0.0006768486535468
-0.0007663255108925
0.0005844335360105
0.0004819822701174
-5.6445035911956e-05
-0.0009820682447925
0.0007336319971518
0.0005534277640606
-0.0009934950182755
7.5109877473168e-05
0.0007629162392941
-0.0008319057962502
0.0004533514622595
0.0003324812681171
-0.0008977481783301
0.0003494560009365
0.0008164875253347
-0.0009600590676561
-0.0002078449520048
0.0008055553073593
-5.3315259884723e-05
-0.0006951988668957
0.0003061160423478
0.0004718568670791
-8.2435887760468e-05
-0.0008723712596192
0.000626220085631
0.0003696966189403
-0.0003494318352559
-0.0005578373630355
0.0006915252316996
0.0003624138721569
-0.0008547460962238
-0.0003644365826782
0.0013154472537358
-0.0001412986243343
-0.0012320562508106
0.0006683375404215
0.0005440804473844
-0.0004710140742769
-0.0002372915121173
0.0002487800177419
0.0001650910408157
-9.020249422953e-05
-0.0003780997063773
0.0002241249277612
0.0002319401324224
-0.0001731603651244
-1.7519478012762e-05
-3.9055644762698e-05
-6.2319669502653e-05
0.0005195117827927
-0.0003454954373483
-0.0003861197944377
0.0004645925066437
0.0001737934374745
-0.0004033015857607
-1.4242965656886e-05
0.0001888838380093
-3.5144261439912e-05
-0.0003290295753577
0.0001309891513146
0.0005885392613536
-0.0002794356734003
-0.000551170752483
0.0004457463154528
0.0003533464957683
-0.0005238291938491
-0.000151274331156
0.0003975208964945
-0.0001730411334499
-0.0001853307428745
0.0003157536980547
0.0001312559850419
-0.0002771791133282
-0.0002285414632596
0.0004192566995686
0.0002263059566243
-0.0004024458324869
5.343761727561e-06
0.0003078367413061
-0.0002085623408421
-0.0002650146125132
9.5972172731162e-05
0.00019799763116
-6.8993147167573e-05
-0.0001013458568843
0.0002074981395039
4.2896187071873e-05
-0.0002657942786615
9.545283863599e-05
0.0003583741078699
-0.0003339412956715
-0.0004344383487703
0.0004148064490922
0.0003001697678611
-0.0003932083593255
6.2994634000835e-05
0.0002838179243347
-0.0001773500734769
-0.0002895880680586
3.0278365129033e-05
0.0003985088491115
1.6060123264605e-05
-0.0002758087655457
0.0001561071096112
5.8102697289564e-05
-2.0597500097197e-05
0.0002556614237841
2.5532546341078e-05
-0.0003215408736656
-0.0002990530913793
5.0260237083321e-06
0.000149934343463
-8.670789570786e-05
1.7679588720787e-05
-0.0001178490878495
-6.6620698369047e-05
0.0004708284731924
-4.4186086245457e-05
-0.0003599678284393
4.988152536578e-05
-0.0001618766204136
-0.0003137079278958
0.0001535270616803
0.000530362000678
0.00028255103518
-0.0003907653061463
-0.000230836413928
0.0002694218527388
-5.3131734428779e-05
-0.0001217667123132
0.0004123642340037
7.3722990484582e-05
-0.0004126002455084
-0.0001633304354653
0.0001721405240962
0.0002102463115327
-6.5147829730883e-05
-0.0001288072737637
0.0001283323449619
7.8499807404375e-05
-0.0002153119254222
1.5719830825933e-05
1.4195140951578e-05
-5.9442074290539e-05
9.251117081277e-05
0.0001941674051375
-9.2652738026278e-05
-0.0002102716989915
9.2220683034494e-05
7.6548959160317e-05
-0.0001725242008143
-4.4429034445904e-05
0.0001551363119023
0.0004186217175405
-0.0002590292413728
-0.0003570133199015
7.6181615810134e-05
-6.542681483257e-05
-4.7235229078124e-05
0.000333250687573
3.4992286174207e-05
0.0006502322807966
-0.0002060449129259
-0.0009213867086521
-0.0007786501856621
0.0002951711593979
0.0008104957069932
0.0009844375688516
-0.0006356307596155
-7.040359925603e-05
-0.0004609436856539
-7.2912388476842e-05
0.0003144275846078
-0.0001505366297005
5.7257076763184e-05
-4.5459938918802e-05
7.1218610270263e-05
0.0003056084992014
-6.7252267493822e-05
-0.0002585712020108
0.0001693210196829
-5.9504416427547e-05
-4.3212900485701e-05
-0.0001786016948834
-0.0001353152905836
0.0003514373476343
-5.9796877383e-05
-0.0003101201083766
0.0003859272937667
0.0003939007577002
-0.000122285264853
-0.0004907484042027
5.4235685648107e-05
-5.3366792152065e-05
-0.0001601795784012
0.000256142791305
0.0002512018164257
-8.3665260469656e-05
3.5414693566605e-06
-0.000104655136135
-9.5384299675372e-05
-1.2995973280861e-05
0.000137683921858
-3.9172300608792e-05
-1.1257921239682e-05
0.000146238133003
-1.1573914743268e-05
-0.0002949952200126
-1.1455838277996e-06
0.0001444116012994
-2.6353804971624e-06
-0.0001416956546929
6.2731196104337e-05
0.0001573090906092
3.2244866227105e-05
0.0002194012994172
0.0001189043523475
-0.0003366843980334
-0.0002576484375738
-8.1861083300881e-06
5.9907553462413e-05
4.4589518261029e-05
2.4048591407144e-05
2.2335174265642e-05
7.1569881243682e-06
-9.8262745379385e-05
3.1122999682998e-05
0.0001200803709855
7.520261622318e-05
