0.0
0.0
0.0
0.0
0.0
-5.6216676227189e-126
-8.0214939931209e-112
-1.4092667514191e-102
-3.2379892765979e-95
-5.3040947506679e-89
-1.3739707932916999e-83
-8.9014635963535e-79
-1.9371543496819e-74
-1.7372930365678998e-70
-7.4548934208019e-67
-1.7140639450803999e-63
-2.3062124635967e-60
-1.9475431995648e-57
-1.0925503635918e-54
-4.2665958979349e-52
-1.20618818719e-49
-2.5518749064414002e-47
-4.1567705861034004e-45
-5.3425586292496995e-43
-5.5343957607764e-41
-4.707056804263e-39
-3.3401867629671996e-37
-2.0053019900922e-35
-1.0307858940078e-33
-4.5830959205954e-32
-1.7778924946001e-30
-6.062044815163199e-29
-1.8285384168051e-27
-4.9077719577305e-26
-1.1784103947976e-24
-2.5440619361288998e-23
-4.9611456289812e-22
-8.770862957988301e-21
-1.404616202564e-19
-2.0130115904566e-18
-2.5702967277245e-17
2.4249890105423e-16
1.4796041570506e-16
1.8870652046962e-15
1.3193655782076e-14
8.9308455945635e-14
5.217153673275099e-13
2.6266122307569e-12
1.1348211147819e-11
4.1788020357264e-11
1.3021093480139002e-10
3.4168206556013e-10
7.595125919331401e-10
1.4839963909692e-09
2.7927644274785e-09
5.5698287108409e-09
1.1306679257632e-08
2.0021527755412e-08
2.7022755692111e-08
2.6368510360156e-08
2.4992972493291e-08
4.3673520485829e-08
7.8074900606857e-08
7.7943659493773e-08
3.6666595882575e-08
5.9524811707283e-08
1.7195354040395e-07
1.7220969777141e-07
3.8785554444792e-08
1.7448284553301e-07
5.5748923767293e-07
4.2080739509273e-07
-9.2593957761595e-08
3.9238644594826e-07
1.5823021573547e-06
1.3565222486099e-06
2.552901774526e-07
1.0522565449186e-06
2.5465318872694e-06
1.3463886960191e-06
-5.6162881914568e-07
2.0352352719799e-07
9.7588661908399e-07
-5.8160229826632e-07
-1.446633822455e-06
-1.4534865810933e-07
1.4516424125255e-06
1.2319265024763e-06
-1.7590805867496e-06
-3.0799077649357e-06
7.890191139337e-07
2.8056286002776e-06
-3.8359266735233e-07
-1.0621595214477e-06
-4.0974935389126e-07
-4.6621830757099e-06
-4.1927949889775e-06
5.5593463471615e-06
6.7863089647791e-06
-3.7245137918251e-06
-6.6144343946473e-06
-3.644094914712e-07
3.489887989705e-06
2.2883934081008e-06
-3.3557349399249e-06
-3.5486305616228e-06
-3.6674902559319e-07
-7.8685144511148e-06
-2.9467463469323e-07
1.9398253758851e-05
-1.548266725937e-06
-2.5656402713459e-05
-2.117190045503e-06
1.8807990453951e-05
6.1750783153514e-06
-1.1354112172679e-05
5.5047553737531e-06
8.5342302891256e-06
-5.4434440399653e-05
-5.4865381227121e-05
-1.2854054376454e-05
-2.0267969813581e-05
-1.4058614150603e-05
-1.88362634157e-05
0.000102713801553
6.7843260542766e-05
-0.0001615011032463
0.0001064532292871
2.3344330818409e-05
2.8902799059649e-05
0.0009092620570083
0.0002331127416155
-0.0012590797151681
0.0001272496124693
0.0025295259040714
-0.0013029509178919
-0.0072394485653438
0.005342875003933
0.0070379159808676
-0.0059882577283954
-0.0035978758770039
0.004476623939631
-0.0017864817495994
-0.001373276426242
0.0016222773260077
-9.6512562186568e-05
-0.0005987153371966
0.001555212901172
-0.0025548099462869
0.003048832149366
-0.0006021249698173
-0.0027703544881241
0.0021115124708704
0.0014588620969702
-0.0016715327331829
-0.0008165715392527
0.0019009412368209
-0.0001869781603769
-0.0014533084945922
0.0004725338950573
0.0020883181164111
-0.0024621371172096
9.8583516638938e-05
0.0007747755321307
0.0014849066534595
-0.0028324582286743
0.0018070468636333
-0.001580254984801
0.0027955492972964
-0.0023266152588075
0.0004689116250178
-0.0001804707795427
0.0006335469877827
0.0001926933322016
-0.0001213646841913
-0.0027533501858468
0.0047172331314682
-0.0021432025889112
-0.0015836984796014
0.0015040518186238
0.0008893553776534
-0.0013387300998646
0.0001116907538012
0.0002948286207726
0.000107480172673
-0.0005965962892706
0.0004994052899776
0.0008476829153836
-0.0018813042631294
0.0010181296275391
0.0002323626623113
6.7993285801649e-05
-0.0007067073728217
0.0001758110445337
0.0001119252501236
0.0004809620312684
-0.0007038974284112
-0.0003519782749483
0.0020962781738132
-0.0020781196374275
-0.0004237523411498
0.0023336312504396
-0.0013500009830802
-0.0007950911187104
0.0012554132629239
0.0002178702593336
-0.0015186617206453
0.0011938458248983
-0.0001526696802312
-0.0005807736416563
0.0006683125469364
0.0004409934862892
-0.0018951996207162
0.0014736606560317
0.0006520675703669
-0.0015114966856411
-4.9527396794871e-06
0.0015165183001931
-0.0008056373468068
-0.0009072783468289
0.0010714037342263
-4.9214478459181e-05
-0.0006204552592203
0.0005636680773302
0.0002104181735684
-0.0009427975891707
0.0004252900904167
0.0006606112628593
-0.0002072086735027
-0.0010772395764247
0.0009764377890686
5.2107574688432e-05
-0.0007166237450839
0.0005080098146842
-0.0001209588391698
0.0004267376170458
-0.0007253477398661
0.0004317893070315
-9.3626514835465e-05
0.0002041904552219
-0.0004101366842368
0.0001859586298474
0.0003337977473594
-0.0007294676634489
0.0005491358580467
0.0001805463635651
-0.0005572354737443
3.6694822397321e-05
0.0005898869573195
-0.0004934768939757
-0.0002336615908121
0.0006687679960537
-0.0001225926893583
-0.0004602909043693
0.0001961374818615
0.0004851255319016
-0.0005302011190783
-0.0002731765710056
0.0004094188240988
0.0007259419970429
-0.0009967901003188
-0.0004302475363315
0.0011189186134575
-9.9914293102965e-05
-0.0007942018114104
0.0003717243152928
0.0004523516179286
-0.0004859152103894
-0.0001100637805215
0.0003242726870897
0.0001255259052368
-0.0005429538353918
0.0006305575143542
1.9882489682453e-07
-0.0007017601629022
0.0003176922027475
0.000128922108418
-1.9457756561536e-05
1.2739200859479e-05
-0.0001513707859474
1.2924904396749e-05
0.0002575478269664
-0.0001199668231727
-0.0001294216906186
1.2920777262004e-05
6.1867037908642e-05
0.0001443223845411
-0.0001132280750951
-2.8493644285005e-05
-9.3326555104106e-05
0.0001421087223833
1.7053014481766e-05
-0.0002692045890144
0.0002768267360151
7.5504816016148e-05
-0.0002120885924234
0.0001326654036435
-1.6857348992313e-05
-0.0002000879574843
0.0002033544031273
-0.0001181557989009
-7.9220001020056e-06
4.9586213872812e-06
2.4603821702391e-05
0.0003046162397827
-9.3579095652997e-07
-0.000397074457795
-0.0001593597651124
0.0002355373181876
0.0002534584599422
-0.0001180618723929
-0.0001203591504579
0.0001324058107141
-6.0739937868259e-05
-0.000230085511841
0.0002446852279888
-1.3336208407044e-05
-0.0001122815667581
8.7391139010073e-05
4.1793631493092e-05
-9.0582663453409e-06
1.7399227346393e-05
-7.5139791462508e-05
-6.8010027191867e-05
0.0002219909201225
2.2400126337141e-06
-0.000224623436118
8.461089745504e-06
0.0001142058321385
-6.9646891283359e-05
5.1105987361466e-05
-2.1160986948821e-06
-1.833686809477e-05
1.9134546089261e-05
-8.4200234448662e-05
4.0732649336795e-06
9.7205657295652e-05
0.0002269884447292
-0.0002054948989971
-0.0002741405058293
0.0001305399710382
0.0001220312664029
-0.0001522855527902
7.6195494119746e-05
0.0001858487024164
-4.2720504400684e-05
-0.0001709320209819
0.0001434064483274
0.0002290059022302
-0.0002161492574259
-0.0002847295649366
0.0002033059208317
0.0002076673067175
-0.0001071206552794
-0.000258755954674
5.94645889751e-05
0.0001986599244774
-8.6749716365908e-05
-0.0001534519322832
0.0002125804995145
5.3348738127124e-05
-0.0001213300961144
-6.7289740168786e-05
0.0001558573667015
1.7172900868001e-05
-0.0001564317798408
-2.0089735408568e-05
0.0001442593394296
-8.6790687969795e-06
-0.0002336979060935
0.0001607049845864
9.7238720675463e-05
-8.5558441442757e-05
-0.0001236752007471
0.0002512628122231
1.4443661777719e-05
-0.0001204772408058
-0.0001857749664768
0.0001182736792504
8.5291638995955e-05
-6.3183654397392e-05
2.8354714265433e-05
3.6018610360955e-05
-7.1629314035706e-06
-7.079804631438e-05
6.7503962775106e-05
3.2693069296208e-05
-2.4515905661104e-05
-9.557650728631e-05
5.3614400075119e-05
9.4377409243229e-05
6.2714826598587e-05
-0.0001658554258821
-6.2487614105322e-05
0.0001216410676852
-0.00010858120838
0.0001489860983694
0.0002199230355826
-5.0989976396743e-05
-0.0002312691093076
-7.1462403350431e-05
5.6316426144676e-05
-2.0795700894638e-05
-3.1449075854617e-05
-2.0313079995837e-05
-0.0001282061329988
-1.6140892133976e-05
5.2230778213591e-05
0.0001647397705362
0.0001022668935979
6.0840038407228e-05
-0.0003084575213696
-8.1837260834661e-05
5.3171665714835e-05
0.0001534895035293
3.5998774516877e-05
9.5984525372295e-05
-8.0435320382044e-05
-7.7860613822978e-05
-0.0001006149029425
0.0001485960476443
4.1030316388913e-05
-6.2808325629327e-05
-0.0001224701481117
0.000138204075073
0.0001147137200785
-0.000217431289462
-0.0001262746652797
0.0001954111591429
0.0001797774186407
-5.9105527250303e-05
-0.0001041667639034
-1.8786766964318e-05
3.2727654941667e-05
-1.1973513069918e-05
-5.4827957618464e-05
2.5116375690359e-05
0.0001684458130091
1.2932834603241e-05
-0.0001268206139881
-0.0001017641633405
1.1727613813406e-05
8.2795097067212e-05
-7.9238798678105e-05
3.77711017574e-05
0.0001283275721908
-1.9711705157022e-05
2.5137747550197e-05
-8.0108277100699e-05
-0.0003258425377072
4.6062804637259e-05
0.000373117958019
0.0001848556449912
-0.0002719667264283
-0.0002764965565837
0.0001837028192675
0.0002347278166281
-0.0001136222573361
-0.0002370528285666
0.0003277663539247
0.0001772158867652
-0.0003806613841916
-0.0002106101076204
0.0001005520232855
0.000208484363906
0.0001417396238379
-7.925390304031e-05
-0.0001196163670336
-7.0200605750692e-05
7.3848755266504e-05
0.0001482037904398
-6.9026248072923e-05
-7.3525686827836e-05
-0.0001900732564008
0.0002100492092482
0.0001038576974421
-7.1241813071055e-05
-3.3162232226935e-05
-6.0650976285714e-05
-7.6459347164715e-05
