70.0
70.0
70.0
70.0
70.0
70.0
70.0
70.0
70.0
70.0
70.0
70.0
70.0
70.0
70.0
70.0
70.0
70.0
70.0
70.0
70.000000000002
70.000000000033
70.000000000537
70.000000006858
70.000000068853
70.000000547772
70.000003481225
70.000017802343
70.000073737204
70.000249030851
70.000691442866
70.001597653694
70.003131592792
70.005358709658
70.008304198302
70.012086729997
70.016957691971
70.023229788516
70.031217894868
70.041258092634
70.053849345737
70.069765839056
70.089859588253
70.114934239304
70.146197223222
70.185628869553
70.235731543268
70.299783761034
70.383014425003
70.492283604199
70.633485807167
70.809424411738
71.017835660722
71.250463307335
71.499372760895
71.765288115362
72.056236083807
72.379720054676
72.736816609437
73.123417436088
73.538562976669
73.986698469462
74.4709557669
74.9909859395
75.543240857661
76.114312043402
76.671440065857
77.158468746241
77.500735876897
77.613085360699
77.421199760586
76.907407996487
76.13747762188
75.250259105986
74.443450498155
73.932799547845
73.771751716084
73.493776466529
73.019425902794
75.026659160223
81.518174312346
80.434301032085
77.282849141066
73.292844982571
68.157813883287
63.516127397836
63.134315304679
63.248052667929
63.039879629447
63.140459721219
63.055081886269
62.914582942401
62.991934487555
63.206969016057
62.932068751113
63.011760177008
62.920693888719
63.229239500998
62.961685725125
62.96876597371
62.996974756307
63.114374210755
62.947006986613
63.000125217553
63.009650373185
63.042215803908
62.98434358621
63.00568795891
62.962011623988
63.053840456437
62.942404551909
63.005023605282
62.933547324514
63.08052979757
63.024248961206
62.984214421566
62.966827123105
63.089122156532
62.946444269443
62.947386583807
63.088882015986
63.014983733421
62.903343951631
63.028891591962
63.076070011774
62.961356960567
62.939521496876
63.132119870057
63.0281393034
62.932965377237
62.996093149241
63.050989081049
62.985779512838
63.059953887933
63.025097593598
62.980972286738
62.897955542749
63.005564832946
62.964696779782
62.909218819502
62.906875936377
63.01967944723
62.95381709323
62.922239595116
62.954001392281
62.993692099888
62.986329978064
63.011493772164
63.015294867721
63.022584480704
62.887353714887
62.937763754708
62.983906678991
62.968402702209
62.913126766331
63.023707561047
62.967474862982
62.97749248711
62.948665261819
62.957127636998
62.936696065284
63.019235402223
63.053412197661
63.063732054355
63.010115441718
63.053804864938
63.083836614443
63.120121046114
63.110319725937
63.135918958688
63.092575168938
63.122144118661
63.097058443691
63.133067494649
63.162974856356
63.269444826193
63.274864301991
63.297781395356
63.245130033495
63.185377029726
63.206215005183
63.332210810482
63.264857064257
63.205880261697
63.285070400048
63.365764304309
63.293140710907
63.311720790096
63.365208809151
63.388529614035
63.339476037656
63.356242452552
63.341426374275
63.365583431042
63.343066096033
63.392541750396
63.433765297344
63.398270563972
63.383147180953
63.489897955779
63.544581479101
63.545272745578
63.488440483164
63.439455745781
63.3580810604
63.364023123332
63.42710112792
63.493915011273
63.530205267189
63.611908858619
63.663477944867
63.670209801421
63.630006133222
63.555247213886
63.489329504114
63.456487360022
63.427827441614
63.474050412453
63.534783993466
63.578371795528
63.598816903938
63.629730379037
63.674753121168
63.685592954862
63.683028385689
63.697387626855
63.682978503865
63.649719328803
63.648851318871
63.65241151984
63.652580445505
63.684216632028
63.734401591109
63.75341857646
63.752426893937
63.775208996442
63.788599717926
63.778407940911
63.777576797277
63.731532554716
63.693189060159
63.693012592228
63.744248910685
63.779474381289
63.764039388163
63.751244290556
63.786849498856
63.812747264715
63.825181527175
63.807340885685
63.822067951027
63.858173200934
63.864238766947
63.877025760956
63.937867134008
63.945277536265
63.930207517387
63.916625284796
63.896738778128
63.834745795728
63.800197649836
63.80267340389
63.821669504885
63.854485703031
63.947550568958
63.994426074082
63.986185087063
63.980754044958
64.006108087736
64.012736972489
64.007076879259
63.992974813269
63.979343489906
63.931026632915
63.921070638375
63.93382711885
63.960946638384
63.992612711647
64.010330184042
63.990898220197
63.984633990917
63.986464630956
64.007395334456
64.008815980246
64.007875283749
64.029699493642
64.074076506923
64.083278926145
64.067396717237
64.03947895352
64.042435147523
64.043462952108
64.03348681351
64.015765525967
64.012497222881
64.011882196818
64.012298877517
64.017672912027
64.051216381872
64.081846849463
64.114711027045
64.132656684095
64.138254984308
64.12770555947
64.115605810958
64.111424596374
64.1363783431
64.174367563748
64.189463340667
64.122476565103
64.038733999009
64.040233862403
64.095427450806
64.103851450103
64.091377223037
64.126494268056
64.194574129318
64.221241999479
64.226515101479
64.241877649534
64.229013533998
64.171432177874
64.154176151596
64.201755790559
64.212545591593
64.150389042955
64.112347407242
64.115809659814
64.113433373798
64.119326169609
64.154106323506
64.184083084081
64.191848990756
64.179533644706
64.150509017226
64.13067121107
64.15449020594
64.214940915218
64.26346901774
64.280371855641
64.283304478535
64.288162099763
64.294001869926
64.299352333785
64.304094505088
64.300364243775
64.283434345051
64.266528246093
64.25133368294
64.254104751631
64.294432461511
64.351443448213
64.362917855997
64.309131879297
64.232919562367
64.176244728959
64.138213387572
64.125313620836
64.148401539634
64.209462397343
64.281708323392
64.332979035845
64.348581035775
64.346827700421
64.335168985977
64.319236870622
64.313848203569
64.325516740724
64.315261058371
64.263358281507
64.201424149937
64.170549272585
64.16222993893
64.16137744808
64.176029239886
64.214250189022
64.252527104015
64.277335154435
64.28817648001
64.297589413212
64.290365849771
64.251950546806
64.212153726639
64.198670972078
64.188541315952
64.172290903432
64.151712640349
64.144486772164
64.156456794672
64.163326923895
64.15434247963
64.153724534673
64.169573291684
64.175630281491
64.150863173327
64.142535735526
64.178068398454
64.237444598494
64.270580685684
64.286185282496
64.291112233658
64.301575365088
64.309549004896
64.332049312524
64.362028929209
64.370687349246
64.340656453097
64.296853413753
64.266637548891
64.263948233426
64.267034457414
64.27486685519
64.290232511426
64.308152451066
64.308565871177
64.292434877661
64.265439397032
64.250376695152
64.248680209614
64.236378734128
64.202730199049
64.17424636633
64.156992185023
64.157118719388
64.184311093922
64.243360291629
64.30838892209
64.362787672571
64.413769817098
64.458585396563
64.477745248577
64.464071050497
64.442139053973
64.41015233669
64.375927599586
64.348881616072
64.312688837011
64.262701539077
64.212083539085
64.167719694998
64.129852225175
64.112624589781
64.135612790399
64.232334934001
64.414511898204
64.642999856141
64.859175019725
65.016656203531
65.094208477163
65.088676798978
65.026459665279
64.940347168938
64.869005749094
64.83474858742
64.828828809906
64.815109943476
64.7672107108
64.70371565479
64.653345400587
64.622542183246
64.614748216323
64.631934261713
64.667702679363
64.704495273065
64.723949055563
64.725379491826
64.715501198437
64.670154550046
64.604696206959
64.526249292875
64.448973979785
64.368738492882
64.277185167083
64.212187428215
64.212923482964
64.263166149408
64.342557830884
64.443283871859
64.581825948759
64.61522461677
