-120.0
-120.0
-120.0
-120.0
-120.0
-120.0
-120.0
-120.0
-120.0
-120.0
-120.0
-120.0
-120.0
-120.0
-120.0
-120.0
-120.0
-120.0
-120.0
-120.0
-120.0
-120.0
-120.0
-120.0
-120.0
-120.0
-120.0
-120.0
-120.0
-120.0
-120.0
-120.0
-120.0
-120.0
-120.0
-120.0
-120.0
-120.0
-120.0
-120.0
-120.0
-120.0
-120.0
-120.0
-120.0
-120.00000000001
-120.00000000008
-120.00000000047
-120.00000000251
-120.00000001168
-120.00000004761
-120.00000016877
-120.00000051689
-120.00000135918
-120.0000030558
-120.00000589394
-120.00000996914
-120.00001559681
-120.000024131
-120.0000371011
-120.00005176595
-120.00005853621
-120.00005155305
-120.00004561257
-120.0000651286
-120.00010392974
-120.00013128564
-120.00016300342
-120.00024972
-120.00034989961
-120.00037697643
-120.00044057908
-120.00072019645
-120.00100837989
-120.00094280068
-120.00078024382
-120.00105813456
-120.00148434076
-120.00142079445
-120.00124803619
-120.00165546328
-120.00223474073
-120.00250534801
-120.00307682607
-120.00425604448
-120.00507506382
-120.0047090959
-120.00379980183
-120.0038008282
-120.00473608891
-120.00460813872
-120.00270719575
-120.00121505372
-120.00175705263
-120.00410728503
-120.00807350364
-120.01172516056
-120.01115562832
-120.00708236385
-120.00523697538
-120.00712579037
-120.00882515949
-120.00859803469
-120.00843170721
-120.01023129619
-120.01298135729
-120.01426041741
-120.01400364715
-120.00981338123
-119.99858991535
-119.99055254198
-119.99564113511
-120.00170716575
-119.99561697519
-119.98353133576
-119.97279805579
-119.95580627505
-119.93120419871
-119.92166667358
-119.93162597232
-119.9401824581
-119.95123715441
-119.97770442553
-120.01608441134
-120.04380917821
-120.07478658371
-120.15945937345
-120.20447696689
-120.13558950781
-120.00653235695
-119.80358785863
-119.69442347081
-119.7126188847
-119.52480817772
-119.16986341258
-119.28828554681
-120.58894146282
-121.70332889041
-120.86967837563
-121.65999215911
-122.64499172715
-123.05722875158
-122.70953477821
-123.28863550139
-122.81207585392
-122.85870385569
-122.32514250763
-122.11952086403
-121.72021533834
-121.51150359138
-120.89041354906
-121.2303586238
-121.00660388891
-120.0884477334
-119.65206013018
-119.58423015149
-119.08435909976
-118.56288000581
-118.4022320856
-118.28926344029
-117.75476311764
-117.57726129999
-117.49428236602
-116.91376033982
-116.59847008712
-116.41916519253
-116.33618019766
-116.18745654574
-115.96287749664
-115.48692232587
-115.67835974267
-115.48394044761
-115.26542621835
-114.90798158918
-114.88564688272
-115.25939882587
-114.70975073431
-114.23495398246
-114.7922173204
-114.62289135284
-114.18445096107
-114.27583124076
-114.25338916938
-114.23399355907
-114.15243130312
-114.21353213007
-113.92804089063
-113.8288008395
-113.97223558934
-113.85384654855
-113.60521417242
-113.69824206101
-113.72221783615
-113.70090451807
-113.65984677339
-113.8151841367
-113.6532182271
-113.7319994255
-113.41370664683
-113.51986941223
-113.75384872422
-113.39868874752
-113.34381383361
-113.59203443648
-113.47951367762
-113.29753761359
-113.55922484521
-113.56985980247
-113.4761358398
-113.66309868676
-113.52038147505
-113.30375239458
-113.68830670216
-113.66112697956
-113.24285702931
-113.46837332276
-113.63245960129
-113.34800505215
-113.33653578769
-113.65816578072
-113.56515589321
-113.40972378929
-113.40740812633
-113.48559925891
-113.40470225747
-113.4662686039
-113.57743380557
-113.37647685955
-113.29875804202
-113.46911762442
-113.43329033785
-113.32298275041
-113.56799369295
-113.50292751578
-113.42715136267
-113.47107024223
-113.58065592352
-113.70017587176
-113.64401821782
-113.57866053524
-113.60232076534
-113.72368691568
-113.77097566333
-113.84372590043
-113.77079280055
-113.71004375446
-113.9165154077
-114.14289444957
-114.07007432242
-113.99766148669
-114.04370729722
-113.90310844199
-113.80521342193
-113.8654980389
-113.91405566855
-113.90638540624
-113.99600060123
-114.12669498785
-114.13775332346
-113.97498038435
-114.16162772237
-114.53353539059
-114.3788900784
-114.19984362751
-114.30062906064
-114.28102187382
-114.1444964807
-114.16760010869
-114.18692165101
-114.11952806775
-114.08312888603
-114.18597503092
-114.21204175808
-114.25152362288
-114.50110928797
-114.57427640961
-114.52925137647
-114.56373603104
-114.5496213908
-114.53783294234
-114.52758370678
-114.43438713652
-114.38225217359
-114.44790751506
-114.48282454382
-114.42301453889
-114.40772142727
-114.51609634583
-114.60173387753
-114.66304000973
-114.71007768641
-114.72200170943
-114.80981710099
-114.8197982714
-114.74236608111
-114.74523504039
-114.71532607841
-114.66628832402
-114.7003218211
-114.7001042497
-114.70605931891
-114.7236181772
-114.70850818017
-114.72734736877
-114.69974330002
-114.71756013888
-114.8353481904
-114.93673319166
-114.92104896709
-114.8583623609
-114.87669279681
-114.90595042614
-114.83252904414
-114.85959305957
-115.06317271704
-115.0757703785
-114.98473785091
-115.0327434753
-115.05377002
-115.00349368911
-114.97702381608
-115.00215443051
-115.01605054563
-114.99504921517
-114.96404814003
-114.96887480131
-115.04010495968
-115.08171807637
-115.11195827662
-115.2158941394
-115.26390150686
-115.25544357422
-115.30243528258
-115.34665920571
-115.35553432208
-115.32637042229
-115.28689430081
-115.23492536741
-115.20713535508
-115.24267804768
-115.20366298148
-115.10496270861
-115.06980853007
-115.04131868424
-114.94344444935
-114.89388798517
-114.82277806652
-114.54813792332
-114.16071536051
-113.95375024064
-113.9608515057
-113.99733606625
-113.9501644195
-113.83391581478
-113.77442079084
-113.84771285125
-113.86396351337
-113.80734428897
-113.81768919562
-113.78906233738
-113.68426330897
-113.58030953978
-113.50675419459
-113.3678616797
-113.13862821096
-113.00404804942
-112.9890807841
-112.98497362185
-112.98237162296
-113.04802170476
-113.05967368348
-112.98819399377
-112.96305813203
-112.95584069453
-112.87588304639
-112.76224467004
-112.70728696061
-112.75771546173
-112.87948171005
-113.0085853774
-113.14814161447
-113.15486007806
-113.00854148651
-112.89073420837
-112.94726444464
-113.05507960852
-113.09245446282
-113.02419792513
-112.86515112411
-112.70290375646
-112.56248298619
-112.41820686915
-112.31579250195
-112.29154026702
-112.23937195374
-112.16141661844
-112.07897405631
-112.02002100377
-112.04458437687
-112.12422303041
-112.15127664889
-112.06743159842
-111.96287598143
-111.95077385077
-112.06220499846
-112.28670864022
-112.5570079833
-112.76384691534
-112.82938905674
-112.73854063626
-112.68305711378
-112.8562946208
-113.14293861365
-113.29719035491
-113.35432538291
-113.36834780582
-113.38986775621
-113.44839131779
-113.54667544443
-113.5810753551
-113.53370613203
-113.46801268271
-113.49217390573
-113.56600108045
-113.6238189327
-113.59913089849
-113.59354673589
-113.57995520343
-113.48470723101
-113.38434315408
-113.39988708251
-113.49822484076
-113.55372294123
-113.50474246165
-113.42531689859
-113.37759442546
-113.34301688364
-113.29960738018
-113.2602316446
-113.28179385852
-113.36668167731
-113.45976541743
-113.47502487911
-113.46752724684
-113.43824378899
-113.31017651089
-113.20452684844
-113.19012648583
-113.25817227945
-113.445736837
-113.53085380659
-113.36561654856
-113.15443119248
-113.09181336319
-113.18613310224
-113.24646630615
-113.22919392857
-113.22717559338
-113.29445984586
-113.26433706112
-113.08463439175
-113.01397171386
-113.07576023271
-113.14608576313
-113.13994856205
-113.06860051097
-113.03883885869
-113.0765915846
-113.13270517786
-113.16234085825
-113.11817848362
-113.07876116114
-113.11982236693
-113.21246954038
-113.22683218714
-113.17646239262
-113.14334096354
-113.14769446431
-113.17121749098
-113.17989076667
