0.0
0.0
0.0
0.0
0.0
-1.4054169056797e-128
-2.1821132636060003e-114
-4.1438626645941004e-105
-1.0234026647674e-97
-1.7933361875148e-91
-4.9491119074797004e-86
-3.4039378142096997e-81
-7.840019576224901e-77
-7.4209572955108e-73
-3.3525142283736003e-69
-8.0965510135828e-66
-1.1418365416197001e-62
-1.0087633192349001e-59
-5.9098160103723e-57
-2.4061974638809e-54
-7.0812974878445e-52
-1.5573030226121999e-49
-2.6332228629827e-47
-3.5085944712899e-45
-3.7633455792643e-43
-3.3103754822772e-41
-2.4269960196764e-39
-1.5039977527677999e-37
-7.9738001374324e-36
-3.6543787142277e-34
-1.4605369479618002e-32
-5.1289634825364e-31
-1.5929720472592e-29
-4.4014172544012e-28
-1.0877408322362e-26
-2.4165596189203e-25
-4.8487980049019e-24
-8.8214779595815e-23
-1.4564538897887e-21
-2.1640982351366e-20
-2.8644958082378e-19
-1.3467472136785e-18
3.2775937473177e-18
2.2206343983981e-17
1.7976958220723001e-16
1.2907476430478001e-15
8.047728710651501e-15
4.3701705039209e-14
2.0574118357613e-13
8.3611715052741e-13
2.9206897946632997e-12
8.7465832296455e-12
2.2519813016195e-11
5.0682403728334e-11
1.0398287715756e-10
2.0748144147658002e-10
4.182224039928e-10
8.173245502161e-10
1.4254654643329e-09
2.1084441965583e-09
2.7296685542641e-09
3.5546468690129e-09
5.1290213961407e-09
7.2008480741224e-09
8.5869198445299e-09
9.5684666873982e-09
1.2571932870014e-08
1.7317701349681e-08
1.9724178284804e-08
2.164307247234e-08
3.1476269640263e-08
4.5177072905875e-08
4.8038446702199e-08
4.9442414393544e-08
7.6409166189758e-08
1.1695734683363e-07
1.3430932027355e-07
1.4671148397495e-07
1.9656338343327e-07
2.4977303096424e-07
2.5347489809348e-07
2.4505989724456e-07
2.6545487505358e-07
2.7123213050453e-07
2.3994240039293e-07
2.1870949548988e-07
2.3860874121331e-07
2.7781393496622e-07
2.7100853641771e-07
1.9832008170753e-07
1.6789331809194e-07
2.2834494118468e-07
2.5847315125727e-07
2.2908043376818e-07
2.1896558650286e-07
1.5635612261866e-07
2.2042184126547e-08
4.6403643337578e-08
2.3684507645394e-07
2.6691701769666e-07
1.0533891577069e-07
2.1165668120937e-08
7.5273651659047e-08
1.5734018769809e-07
1.3959682375331e-07
3.1404163672311e-08
1.9556714164762e-09
-1.0006279548003e-07
-2.5607718072418e-07
4.5568428863607e-08
3.3416276279397e-07
-1.2051327788476e-07
-5.0830604400587e-07
-2.0572807660213e-07
1.4390561495215e-07
1.8106941418464e-08
-1.0736899941354e-07
2.1747475650869e-07
-3.9390365058622e-07
-1.993690083163e-06
-2.6959028778251e-06
-3.0945472475896e-06
-3.514406404781e-06
-4.0051181814105e-06
-3.0758768405914e-06
-8.5699211505025e-08
-2.0925777228231e-06
-3.1577108661473e-06
-7.3787805643372e-08
-1.7055664348203e-06
1.1763268897722e-05
2.9240999302026e-05
1.1989259438431e-05
-7.3469782214119e-06
4.1705923397029e-05
5.0342265575376e-05
-5.7637223572687e-05
-0.0001244928543796
0.0001236218978122
7.3187571261624e-05
-3.9269953106047e-05
-4.1788883109017e-05
4.1323351547828e-05
-6.0366390197075e-05
-8.4674697677367e-06
-1.6958617540697e-05
-1.0740522370156e-05
-7.5304538530996e-06
-1.1801699055514e-05
-2.3944093748674e-05
4.1739570573629e-05
-3.8592839650187e-05
-3.1455069579134e-05
2.1047399188401e-05
1.4811978603146e-05
-2.9110900128471e-05
-3.5921012339624e-06
2.089412402656e-05
-7.9775874511356e-06
-2.3517664108741e-05
2.1388386519883e-05
1.3180013601566e-05
-2.9051168288941e-05
-6.5563612944852e-06
2.4796083591128e-05
1.3292947711463e-06
-1.4728861170321e-05
-3.3455548720252e-06
2.731112744403e-06
2.5749595311597e-05
-2.3779194356199e-05
3.3998340931984e-06
-6.027233718009e-06
1.304308377037e-05
1.6527173531122e-05
-3.5379970137916e-05
-1.0876082977007e-06
4.8625575732042e-05
-3.1466772948907e-05
-1.3042201301661e-05
1.8461476421039e-05
8.6437690666186e-06
-1.0523480756724e-05
-4.084216505551e-07
4.4725186750527e-06
-3.2596242693361e-06
-7.4777076770893e-06
1.8514465491143e-05
-1.2229387267304e-06
-1.698434200878e-05
1.1728644185416e-05
4.7063976449935e-06
4.4448154462029e-06
-1.2335694755478e-05
2.704520702862e-06
2.685840595762e-07
1.000790762562e-05
-2.2958392045414e-05
1.9518866288343e-05
1.3007586049635e-05
-3.0141314055487e-05
7.9131745474303e-06
2.2222379163578e-05
-1.9940503957483e-05
-3.6349885703946e-06
1.7946990862189e-05
-6.0779402667188e-06
-1.0452689563817e-05
1.2133729817843e-05
-7.615571570696e-06
-3.0816840047576e-06
1.6733736213762e-05
-8.9457216961297e-06
-1.8018277024953e-05
2.4487405966306e-05
1.0057468140257e-06
-1.9188311371113e-05
5.8986362497376e-06
1.8441130208699e-05
-1.5575997358838e-05
-5.328761002843e-06
9.262052536152e-06
-3.9662254638639e-06
-4.621739172303e-06
1.0918552581091e-05
-4.2132154015329e-06
-1.1197286506906e-05
6.9796878037348e-06
1.2732162480766e-05
-7.8063825829366e-06
-1.0182964794769e-05
1.2818295149472e-05
-7.6904387086435e-06
-2.4705889157955e-06
-1.8991798193604e-06
6.3174208240549e-06
-1.2168766588966e-06
-4.5655130924416e-06
1.8339034246612e-06
1.3323266392501e-06
7.7199424056845e-07
-6.6239620754929e-06
6.8454930404471e-06
-3.6951643668584e-06
-5.581352682138e-06
7.9353525714171e-06
-4.5795856993408e-07
-8.23389808665e-06
3.0284067845388e-06
4.6006851636971e-06
-9.658539124692e-06
4.1500708052034e-07
7.6576893026439e-06
-2.2500191952934e-06
-6.3729863939502e-06
6.0451347512133e-06
4.0167931931248e-06
-8.6039603066565e-06
-5.9515561117302e-06
1.1549465569333e-05
8.1816973328125e-06
-1.782179137335e-05
-1.555602942023e-06
1.2333267980207e-05
-3.4807350484042e-06
-9.6611445416783e-06
6.4342042647436e-06
2.2593032549395e-06
-5.6765319652145e-06
-2.6340511046115e-06
6.018832472008e-06
-3.2352040250233e-06
-1.6478764919246e-06
1.0962291597617e-05
-3.7225447832127e-06
-7.0833546954481e-06
7.6440764530672e-07
2.9206902503812e-07
1.1080803711989e-06
-1.179355620818e-06
-3.4922673957487e-06
1.017425832292e-06
3.1021067454541e-06
-1.6786050563329e-06
-2.0414888415848e-06
-1.791920397877e-06
1.9226061476387e-06
1.6363221844624e-06
-2.6985665000333e-07
-1.7477284293393e-06
-1.5281977774669e-06
2.126396567043e-06
-3.0843861549782e-06
-2.6598926461778e-06
3.7213828535405e-06
-9.0582683901462e-08
-7.7232937778418e-07
2.0145049978778e-06
-2.5766056170615e-06
-1.5882231907752e-06
6.1951969762769e-08
-2.9298345641082e-06
-1.6080844450171e-06
-2.5238792712508e-06
2.6236668083405e-06
7.251612323545e-06
8.0402380768854e-07
-6.9333477964286e-06
-5.2059341779983e-06
2.1875420936901e-06
3.3344059956544e-06
-6.5848543922761e-07
-8.6269678361076e-08
1.9607143530772e-06
-3.6766557598034e-06
-2.6135063635382e-06
1.408017599399e-06
-1.8164614174337e-06
-1.418072551107e-06
3.624923903961e-07
6.1258883726073e-07
6.2563528658438e-07
2.6856913514298e-07
-2.5024138493278e-06
1.5709451992724e-07
3.7680248959927e-06
-2.4882491085967e-07
-3.2345754603959e-06
-5.8678440103751e-07
-4.6584539948116e-07
-9.8100585226718e-07
2.6603098787769e-07
-7.0163967615111e-07
-6.3552580115147e-08
-1.3230644110296e-06
-2.3209005412944e-06
-1.1732080988161e-06
3.6540342720423e-06
4.2641076212907e-06
-3.7431353327178e-06
-4.7520961103387e-06
-5.1977211930343e-07
-1.5759766949924e-06
-3.2803196813452e-06
1.3373881931067e-06
2.9254332421097e-06
-4.9518697725626e-07
-1.2002561634306e-06
5.0583344360922e-06
4.962703181205e-06
-3.0711173494846e-06
-3.4634435570891e-06
2.9821367459326e-06
3.9870993375213e-06
-1.7327326105598e-06
-4.2954702602349e-06
3.322677821771e-08
1.6974802451719e-06
-2.9285311955729e-06
-1.2847867388865e-06
2.7142471457908e-06
1.2073846517024e-06
-1.687211582696e-06
-6.0469946355779e-08
2.7538699426954e-06
1.5673864317556e-07
-2.2706503486347e-06
-2.9559690967185e-07
2.2596527146646e-06
-2.2840896907184e-06
-2.943842822567e-06
1.3397674206717e-06
1.0950847499358e-06
-2.4719246060623e-06
-2.1889464890679e-07
3.9560189757371e-06
1.6966417898945e-06
-2.3233017518165e-06
-3.4591385249527e-06
5.0232728021627e-07
-3.0764989045196e-07
-4.6859126018317e-07
3.2854028414464e-07
9.6518634706833e-07
-5.37935062217e-07
-4.0748495494514e-07
1.1442501292036e-06
1.1622302142356e-06
-6.2366418240867e-07
-1.2922396827042e-06
1.0726926436555e-06
3.0737391767399e-06
1.8533797478959e-06
-2.2763563119477e-06
-1.4033448181295e-08
-5.2292329427716e-07
-4.2610771094908e-07
5.3552558574865e-06
7.3711471288429e-06
2.9993334050848e-06
-1.0975991218687e-06
-5.9074202962694e-07
-1.0217701079673e-07
-1.0446023334665e-06
-1.424550427287e-06
-3.4285590921335e-06
-5.6966542852366e-06
-4.493562458463e-06
-2.7249505415439e-06
2.2638082560755e-06
3.4611374145066e-06
5.4035670460362e-07
-5.8338941231195e-06
-4.6991183410006e-06
-2.6493957651086e-06
6.1604081741384e-07
1.2245280587853e-06
2.5648556002955e-06
-8.7876707205448e-07
-2.2840324362949e-06
-2.3057998996268e-06
1.3133697573942e-06
1.8763127523913e-07
-2.1532953149439e-06
-2.4495090998333e-06
2.3894144293157e-06
-4.445702100897e-08
-4.8638918078714e-06
-3.7653309832852e-06
2.1450484297691e-06
3.0205169592734e-06
5.6295460371114e-07
-9.5670606953258e-07
-5.8222105936423e-07
-1.2941764376828e-07
-1.2964102455992e-06
-1.764237575308e-06
9.4926736149414e-07
3.8207396588774e-06
1.4705988494734e-06
-1.2049082615539e-06
-2.7450076963698e-06
-6.0961070408316e-07
-1.0610954787604e-06
-1.8906286805565e-06
8.2230315845422e-07
2.1285691047535e-06
1.7190812791612e-06
1.9173641953585e-06
-4.2962745957498e-06
-8.3770013727946e-06
-1.6864791256843e-06
5.9558962178796e-06
4.3233996665504e-06
-4.2311709269049e-06
-4.638038936744e-06
1.7342458865643e-06
3.3340406749294e-06
-2.8400175260956e-06
-1.2573475351441e-06
7.2762814018468e-06
3.012974330141e-06
-5.3892298173541e-06
-5.9685936257825e-06
-1.6114045243709e-06
3.1010982728952e-06
3.6278043066273e-06
5.4960928608239e-07
-1.6412894577322e-06
-1.9576763955476e-06
1.874008856706e-06
2.2751744466198e-06
7.7568180079091e-07
-3.4762491575302e-06
-2.8305475874291e-06
2.1245516833579e-06
1.7955391726221e-06
2.8003695146106e-07
-5.4028115203941e-07
-2.7024591741087e-06
