0.0
0.0
0.0
-1.3061517626454e-66
3.8702233782463997e-57
-2.6886048386646998e-49
1.2926042850231998e-44
3.4230840084756e-39
1.3031736612495e-35
2.047130895761e-33
-2.8381415648006e-31
1.3159503116046e-27
3.1287769119104e-25
2.0198861596688e-23
4.1456012746549003e-22
3.9849968826807005e-21
4.2342786848654e-19
2.3386544400070002e-17
6.3270113280365e-17
-5.926027482083301e-15
-1.1365544493594e-13
-1.7654386030614999e-12
-2.1803953352024e-11
-2.1435516309592002e-10
-1.6766668309473e-09
-1.0435353304966e-08
-5.1667890722264e-08
-2.0314795246503e-07
-6.3120410928173e-07
-1.5351312592192e-06
-2.8779113380564e-06
-4.0816137159525e-06
-4.3718626136896e-06
-3.9312610415682e-06
-4.1319586587551e-06
-5.6180473593068e-06
-7.3731619426771e-06
-9.0061365083122e-06
-1.1343521553402e-05
-1.4177195489287e-05
-1.7300677224652e-05
-2.2071294166486e-05
-2.8827308950616e-05
-3.5712846710759e-05
-4.2792833012359e-05
-5.5841609837565e-05
-7.7010477820732e-05
-0.0001005367328356
-0.0001283055924748
-0.0001568256986426
-0.000162970723843
-0.0001312124901532
-6.3238232687838e-05
1.5988763347205e-06
-5.5018635291511e-06
-9.0025711144755e-05
-0.0001864947919144
-0.000227274917135
-0.000199545600708
-0.000178110013336
-0.000224050451818
-0.0003071544816584
-0.0003702267646408
-0.0003324108202656
-7.8063122936411e-05
0.0005437674903918
0.0017621398309616
0.0036084908462514
0.0057761448708585
0.0077983056073641
0.0086506671702903
0.007494817292528
0.0044420112116974
-0.0009841871966489
-0.0077172651190235
-0.0077937259249278
0.0074756084585599
0.0058647787706787
-0.072427099237418
-0.10626923612498
0.38676838349038
1.8338422356962
3.143077788874
4.0045001657001
4.4115653198224
4.165461069455
3.557729646152
3.0476597546242
2.8175182442061
2.6022555495762
2.4284827288627
2.2111013726508
2.1477373339188
2.0470907825842
2.0220324039428
1.9356016088352
1.9393812207634
1.8335387467951
1.7899075679491
1.7961600910218
1.735422278306
1.7394295408616
1.6466820435022
1.6866148754692
1.658507699589
1.6068128078391
1.538695725303
1.5533240531573
1.5795285712141
1.5317390863907
1.509371267706
1.4731325904358
1.4279988190117
1.3624478087879
1.3663254523839
1.3530227320895
1.357725195956
1.2891927753282
1.3229807386165
1.300148301607
1.2593715404904
1.2441760012143
1.2839762190669
1.253346801921
1.2722882853097
1.2463278394353
1.2133423937522
1.1746671842664
1.1988565044645
1.238785876939
1.2595435951997
1.2014310384714
1.2578470041923
1.1947548413177
1.1956424492281
1.2194706533023
1.2097897660436
1.2105397393489
1.2145830255632
1.1646141751651
1.2025389887222
1.1981044385522
1.171726869161
1.2122095291307
1.2155821926788
1.2112866170606
1.269786603758
1.2447821361897
1.2099674604706
1.2263258228128
1.2472952108386
1.2271559439977
1.1921361335965
1.2026745405086
1.2341735276973
1.1824787144775
1.1963847171405
1.1997759803206
1.1267060824688
1.0843637711989
1.1184951805486
1.1289228385044
1.1284583311513
1.1588466906787
1.2013156775627
1.175070178979
1.1248607721493
1.1052668135903
1.0930558109781
1.0742798133663
1.0951964173845
1.0894950883262
1.0892604266632
1.0679300601156
1.0634508381212
1.0805725881486
1.0716533641938
1.0304591016123
1.0508763184381
1.0989601022871
1.0758775588364
1.0623935187736
1.1031311866667
1.091647451738
1.0408295872201
1.018281277682
1.0003804749967
0.98407460984902
1.0093160742414
1.0253895792637
1.0335935093739
1.0546116855132
1.1001335147057
1.1069372694319
1.0667639159308
1.031079141891
1.0047258073243
0.99488447320226
0.96056352817193
0.93465387791873
0.95864941884614
0.9581880409403
0.94814467964284
0.98141158788039
0.95456703952088
0.87052578901634
0.8107584591535
0.74479185711667
0.69150812468237
0.6821489518849
0.65497956107876
0.65722240801804
0.68454013740613
0.69266675480826
0.68792090395036
0.70722156900089
0.73406489052736
0.73359154892998
0.698606642705
0.68400389234782
0.66800526073294
0.6405795738047
0.63772389050314
0.6658821188438
0.67949310827942
0.6997385194083
0.6903634067303
0.66087677662807
0.6414411551372
0.63992198478324
0.62352776214496
0.61392134556435
0.62042941300362
0.63226987731149
0.62812317658754
0.6291230614675
0.64257033108461
0.65624158708992
0.64433637369845
0.64877560488839
0.66327285094623
0.66489865808315
0.64317155825293
0.65811741191979
0.69059042973905
0.68300087820958
0.64795311277805
0.637430390967
0.62713165336277
0.62264428663674
0.62427413231241
0.61502382722765
0.6014475843287
0.60883919426615
0.61988920978493
0.64081202436661
0.64753040553178
0.64101605344966
0.64781444577235
0.67386251180714
0.687977938804
0.69599211737632
0.69470543284993
0.68237957197397
0.64333635200207
0.60403061829462
0.59017681762938
0.58798482742404
0.58374830238463
0.59483622722638
0.62077343946889
0.67004311393859
0.71870193847374
0.74155816187869
0.74362497733702
0.74903687784733
0.75521763367306
0.75715054207777
0.76224088646413
0.78163752114904
0.80320422491802
0.81573257793615
0.82536160939881
0.84536434308191
0.84740417639289
0.79906031250836
0.7110283457731
0.63024800929412
0.56977060434349
0.52063294526192
0.4923864353799
0.48820273652623
0.49117520267146
0.49297127965602
0.48925253012726
0.48685045466463
0.49322459583863
0.49132872325721
0.46777840715677
0.44153609431561
0.42867308361423
0.42977268531388
0.43531723452794
0.44685603165391
0.47050782820506
0.48054974512333
0.4705161909957
0.46549563956759
0.46615221077424
0.46844697251807
0.46734218449416
0.44665980215015
0.42849417132906
0.43425308664347
0.44894210933428
0.45674493677836
0.45596686057046
0.45501858068668
0.46206737915639
0.46069150442776
0.45106851265686
0.44380501117338
0.43401366101286
0.41733964230275
0.40748498715573
0.41465012113768
0.4294266798091
0.43354391483774
0.42966144040477
0.42695546079941
0.43615706245284
0.45283779139247
0.46553860176317
0.47905831576642
0.49600474726255
0.49394051443734
0.46802439514479
0.43044708896254
0.3987729472442
0.37863277734616
0.36792434187767
0.36553767218628
0.37108016269372
0.3768032132303
0.3822218597584
0.39072432844662
0.40026433549158
0.397230278476
0.38624061068511
0.37323492528643
0.36586449120364
0.3835715930407
0.42621261648392
0.46835446584836
0.50032133851445
0.51365105220569
0.49581713061855
0.448830394879
0.39753061100924
0.36180863102082
0.34757465023745
0.3528680531474
0.3682704893599
0.37419956471787
0.36596775711395
0.34248165134443
0.30102746131746
0.25321867469614
0.21885856980361
0.19537762923534
0.17552901109816
0.16419288364098
0.16279235364216
0.15997820733382
0.14324163023218
0.10844904317544
0.072040895350156
0.051541191168525
0.046543531404097
0.048302963601543
0.059737176651353
0.076059426360331
0.082384547658165
0.074978780186896
0.074414561299463
0.087075278787907
0.094026458722141
0.084436976384694
0.061006263629793
0.036105266492825
0.014977830982232
0.016718305746721
0.044066437878243
0.082397286015734
0.11176759166887
0.11579859743662
0.10322219261738
0.078068535525233
0.070119753021203
0.080572445272153
0.095334478632836
0.10689862094146
0.11489608912569
0.11978814335194
0.11940481607908
0.12484171201947
0.14226745659123
0.16388465321917
0.17116056258075
0.15234829215913
0.12140119758541
0.09736302631147
0.092085404922315
0.10546898063062
0.12551655644089
0.14903128732016
0.16611255133014
0.17430623098917
0.18133389526866
0.19422098436621
0.19975429421493
0.18617677857904
0.16521052339442
0.14899340452317
0.13417090783712
0.12195618819675
0.12093420204451
0.13834223367297
0.16198665240346
0.17829887511596
0.19031737522326
0.20887037214052
0.2309719900083
0.25419141753886
0.26716639250814
0.26211857544851
0.23705072761544
0.19075448832169
0.13779727222705
0.10363155651163
0.10183679874203
0.13681751468653
0.19453311959907
0.25074342088409
0.29562156304834
0.33271499866352
0.35211668760873
0.33909360032922
0.29303558060576
0.23400842963923
0.17908001834819
0.14272782605929
0.12416647355664
0.10814120033835
0.083783127531234
0.055044897096934
0.043607036623072
0.060108334736242
0.088318431189194
0.1041932174715
0.097670750318812
0.088678738277537
0.087975895135628
0.084856875152184
0.072966335208946
0.048496665382913
0.018807092550333
0.0006611068918971
-0.0004851143604156
-0.0016757436942072
-0.0033838931326358
-0.0040732538323596
-0.0048462765018797
-0.0051493392881241
-0.0033736839412768
-0.0022749190790705
-0.0024634499371956
-0.0028155473522418
0.0011091421590947
0.018100589768366
