0.0
0.0
0.0
0.0
0.0
0.0
0.0
0.0
3.7756233518248e-183
2.2210795366310997e-171
4.1021450678544004e-162
2.8322068778949e-154
2.0722251232996e-147
2.8514157478643e-141
1.0584894179173999e-135
1.3559849497003e-130
7.1602505236777e-126
1.7811074823721e-121
2.3146527209661e-117
1.7061642143284e-113
7.6248749031889e-110
2.1825612411423e-106
4.1893592521218e-103
5.6056710020103e-100
5.4051354826029e-97
3.8645782157748e-94
2.1004287094812e-91
8.868968916554301e-89
2.9656634583938e-86
7.9878358006456e-84
1.7593913874866e-81
3.2121634861032e-79
4.9205538336161e-77
6.3940143888072005e-75
7.1184895268583e-73
6.8513075282744e-71
5.747783937345801e-69
4.2348010758121e-67
2.7590850413587e-65
1.5997453439765e-63
8.3029336169421e-62
3.8784558030598e-60
1.6387591360804e-58
6.2926198321887e-57
2.2054809443214e-55
7.0844112757583e-54
2.0936092705781e-52
5.7126987261816e-51
1.4441470173718999e-49
3.3930616514072e-48
7.431719424877001e-47
1.521727008044e-45
2.9207611205406996e-44
5.268185074034899e-43
8.9507464865768e-42
1.4356652787976e-40
2.1784169249350002e-39
3.1329767211776003e-38
4.2783202268248e-37
5.5564732166359996e-36
6.873611085946899e-35
8.1100455112213e-34
9.138051392022901e-33
9.843883734438801e-32
1.0148673382851e-30
1.0022869783521e-29
9.4906036603636e-29
8.6231899221517e-28
7.5239707966825e-27
6.308796650387901e-26
5.087045344665e-25
3.9471846513851e-24
2.9490120496541e-23
2.1226331218779e-22
1.4726421471937e-21
9.8520209329754e-21
6.3577332341205e-20
3.9583901645024e-19
2.3774975476825e-18
1.37368106907e-17
7.4744633125473e-17
3.2982656238248004e-16
6.7850458725389e-16
-4.9745194454904e-16
-1.1428630547026e-15
-5.1697614187899e-15
-2.2368494586672e-14
-9.027189624109899e-14
-3.4934816945697e-13
-1.2843239569171e-12
-4.4939751261411e-12
-1.4911252665117e-11
-4.6796248545754e-11
-1.3850673778252e-10
-3.855037584814e-10
-1.0061044132234e-09
-2.455512252335e-09
-5.5908136317215e-09
-1.1851568356221e-08
-2.3357455305223e-08
-4.2765075777432e-08
-7.2724519155755e-08
-1.148648662655e-07
-1.683835870863e-07
-2.2851288260373e-07
-2.8561094061446e-07
-3.2660962826171e-07
-3.4110584150643e-07
-3.3169034845978e-07
-3.2085559393625e-07
-3.4212378253291e-07
-4.1436798074776e-07
-5.2361117396865e-07
-6.4183265940389e-07
-7.7023906555056e-07
-9.5163500324294e-07
-1.2338461282001e-06
-1.6432519841301e-06
-2.1962062281604e-06
-2.8730823301697e-06
-3.5484394768981e-06
-4.0253051008268e-06
-4.1239318715014e-06
-3.4851737271648e-06
-1.2607329840315e-06
3.4315977979885e-06
1.0386320159156e-05
1.8214952114289e-05
2.5644421504724e-05
3.190944347933e-05
3.5693380234001e-05
3.5759940793816e-05
3.3496165410138e-05
3.2315658812547e-05
3.3346893971791e-05
3.4399909025425e-05
3.3968085779277e-05
3.2939272287582e-05
3.1947960745496e-05
3.0840340612289e-05
3.1032403500063e-05
3.4596066318439e-05
4.0231560939855e-05
4.2793613262975e-05
3.8325423749447e-05
2.8949272934604e-05
2.1389442790108e-05
2.0899652737322e-05
2.7997065351769e-05
3.8640613441739e-05
4.5229797665864e-05
4.2890557487089e-05
3.7025336050562e-05
3.6727112653922e-05
4.1563226629275e-05
4.4735103669037e-05
4.4274303004981e-05
4.162820802237e-05
3.7779608097217e-05
3.6989568149296e-05
4.338038232715e-05
5.1348675770462e-05
5.16345001964e-05
4.7829989112451e-05
5.1912996536821e-05
5.9689112280538e-05
5.2896320404654e-05
3.5608245299356e-05
3.4397553905371e-05
4.9100583995323e-05
5.2400216714386e-05
4.8569500722413e-05
7.2698836233527e-05
0.0001293057372185
0.0001902438483555
0.0002367214565797
0.000245989118692
0.0001859301520773
9.734960069209e-05
9.1862910204382e-05
0.0001767188948537
0.0002276226840871
0.0002117544817964
0.0002231886540755
0.0002822331085283
0.0003445020599367
0.0004106246507769
0.0004423458498895
0.0004008103693928
0.000408895169518
0.0005894020526656
0.0008600220334414
0.0011179297715699
0.0014600459243314
0.0020210955722383
0.0026456684166454
0.0030139902458898
0.0030779252386925
0.0029701642079327
0.0026333693155633
0.001830302619954
0.0005084840072833
-0.0008760889877834
-0.0018295318080896
-0.0023166955798348
-0.0023326383265687
-0.0018496507528054
-0.0010162391884283
-7.5237079333324e-05
0.0004353046524963
0.000195064323577
-0.0006325170952725
-0.0020033229828575
-0.0035064187228873
-0.0042176499770286
-0.0037386586485888
-0.0024699114408611
-0.0008345007215249
0.0008129051719207
0.0016403156580136
0.0018635621178209
0.0025087589747508
0.0030299059886607
0.0033544280628961
0.001529598887462
-0.0074080144792155
-0.0034878639716296
0.045811437114218
0.031135167658536
-0.22064297358511
-0.17953446099251
1.757293120117
3.387630316006
4.6001434941233
5.1767446209855
4.8294201696478
4.012652775554
3.6451683803718
3.3706356252031
3.0896875474496
2.9634729118435
2.7538425636604
2.7586373671173
2.5932422773776
2.6689622799111
2.449283527717
2.469560229405
2.4267173052826
2.4124785592261
2.3366163643864
2.3861028331118
2.2346013053197
2.2151097155389
2.1297558719953
2.1759004211551
2.1625691261259
2.108535946608
2.1037870246249
2.0408999213354
2.0010340905154
1.9875468998357
1.9807203594555
1.9730185645287
1.9413514603142
1.9139845505991
1.9073717342126
1.8705375793992
1.8609973797552
1.9068577350714
1.8878609065798
1.7431409821594
1.8396816302271
1.8216797219683
1.6842149633762
1.6651017799994
1.7153214747408
1.7071348638734
1.6208998016509
1.682539024795
1.6368977106247
1.5835909154072
1.5847212027241
1.5047272922494
1.4953031103278
1.3876485254452
1.3691659351274
1.4628410297668
1.3766515224248
1.3851347445446
1.3400775102275
1.2683816699067
1.2425407850788
0.97056902457506
0.76516875676838
0.65755362948376
0.57915606467844
0.58947690684033
0.62349568194406
0.60582395544309
0.52844241902381
0.5782355941971
0.59797636496803
0.57716894438116
0.57108903753935
0.58347541359751
0.58571337803137
0.6404520365539
0.71758988318909
0.67613177721064
0.56977549871089
0.35726953333466
0.18580254659106
0.1774856278761
0.1857863746384
0.18304858084015
0.093182352655141
0.038091387178696
0.033897009545214
0.000953621212929
0.0007071762166077
0.0003524123290077
-0.0012087015914375
0.0053077837177895
0.0001627760124023
-0.0024883075907312
-0.0010470445664268
0.0017864130482437
0.0018399983442663
0.0004253506324047
0.0011663104345416
-0.0006157981443877
-0.0002423717562649
0.0012537625652342
0.0023863048244976
0.000124717432115
-0.0022453487428464
-0.0018526284119247
-2.1202705369205e-05
0.0026393740206743
0.0048935485564172
0.0053958748818417
-0.0013602221109466
-0.010691699546506
-0.013439185149977
0.0019368793385155
0.019505927390462
0.012077357098406
-0.012469425563921
-0.024710821322671
-0.0049172300439437
0.051089347107869
0.042983011354636
-0.0024048462233139
-0.0040774169393742
-0.0081301930336508
-0.0089869979445822
-0.0066856865259979
-0.0045514316376227
-0.0012633081396984
-0.0016626496638139
-0.0019307739087537
0.0009911820590957
-0.0012074111650051
-0.0004097614324294
0.000265333042293
0.0016036999538116
0.0008998309525054
-0.0004732079425195
-0.0038627364833843
-0.0052041201010766
-0.0018474641084509
9.96489998073e-05
0.000504009156721
0.002204175211773
0.0028840199000513
0.0022225307425572
0.0019259744739486
-0.0006151620784322
-0.0020802280801036
-0.0006322779814382
-0.0001090764413902
-2.7509059741248e-05
0.00057849514139
0.0014110463151695
0.0002925230194961
-0.0015159384290087
-0.0018270320765623
-0.0026580699412193
-0.00230534482899
0.0001093223492176
0.0043714137662576
0.006485516792587
0.0062616813593763
0.003138533465652
-0.0018651520447222
-0.0072501904433864
-0.0090653721876777
-0.0069979472431925
-0.0019284862041502
0.0064245988767198
0.083623512149167
0.0086001836690386
0.0030287698891129
-0.0053597730245159
-0.0089052945329016
-0.0103851740068
-0.0097972247028011
-0.0013971489503106
0.0054989706271158
0.014940938262953
0.055673270074763
0.035056119506294
0.030250460419623
0.0068353093244156
0.0026448129643697
0.0012569812442464
0.017348112165294
0.14647447211438
0.30241930735198
0.41175862162799
0.41871668217368
0.39785312643268
0.34057393635045
0.21008032513699
0.06957632387472
-0.0041482932065406
-0.012337742064616
-0.01820373373782
-0.021614449615726
-0.010256384906171
0.036447694951036
0.13269580723403
0.18968467169618
0.11753098195353
0.020524563348978
0.0030870617955259
0.0054878431472005
0.0053007598062038
-0.0030757673009418
-0.0035480486589634
-0.0022903651627715
-0.0034695271221352
-0.0014783867143819
0.0014144056283527
0.0009324258883225
0.0017683527657297
0.0013323816357769
0.001129563320923
6.5424911177558e-05
-0.0018842648538353
-0.0016918066499727
0.0002873268154957
-0.0007197394918279
-0.0007917803511503
-0.0007591422969355
0.0005677532699976
2.8928019268903e-05
2.05031319922e-05
0.0006941482036282
-0.0024124525248581
-0.0033310400192832
-0.0032383727472052
-0.000100336299269
0.0016203554386252
0.000137897145791
-0.0019413896527709
-0.0031396905473713
-0.0017601524541888
0.0003919866198742
0.0018364930888026
0.0003537029243716
-0.0017733730537373
-0.0026249510202803
-0.0020744952829332
-0.002605843003245
-0.002228843586316
-0.0013189305489547
0.0001187270660452
0.0014940534207142
0.0020111815087986
