0.0
0.0
0.0
0.0
0.0
0.0
0.0
2.7027858100118e-145
4.3521052381583e-135
6.3152164130285e-127
5.415512419732e-120
6.5099612137875e-114
1.8003082732302e-108
1.5755537315172e-103
5.436886637455201e-99
8.6671018490436e-95
7.1775244464362e-91
3.3753289670110003e-87
9.6588223607807e-84
1.7771328135538e-80
2.1991696847294003e-77
1.9006591688969e-74
1.1847089111000002e-71
5.4759105903678e-69
1.9230944595114e-66
5.2427511327315e-64
1.1308385567389e-61
1.9629314252151002e-59
2.7841589528346e-57
3.271421054223e-55
3.2243344243423003e-53
2.6960558942114e-51
1.9324593174992e-49
1.1987649272105e-47
6.4929545501566e-46
3.0960948712747e-44
1.3097872233275e-42
4.951669482323899e-41
1.684345784603e-39
5.1882514098554e-38
1.4558205357326e-36
3.7416127606102e-35
8.8508793955694e-34
1.9351368862312003e-32
3.9240668311563996e-31
7.4000344219598e-30
1.30036225233e-28
2.1321484311136e-27
3.2649058525931e-26
4.671524684985701e-25
6.2479850152744e-24
7.8137208284795e-23
9.1410884530124e-22
1.0010255047756e-20
1.027059972907e-19
9.8779108070823e-19
8.8669603748275e-18
7.1969997411965e-17
4.4672523749109e-16
8.5261530602558e-17
-3.4210791472613e-16
-2.4632435475825e-15
-1.3794863723987e-14
-7.705777437629499e-14
-4.1445579612283996e-13
-2.1181006552777996e-12
-1.0194612647081e-11
-4.5781494890650005e-11
-1.902006058921e-10
-7.2558358517133e-10
-2.5249276104455e-09
-7.9663930845519e-09
-2.265515670728e-08
-5.7721821642408e-08
-1.3091350929475e-07
-2.6248128681583e-07
-4.6195785620905e-07
-7.0937831370159e-07
-9.4911745482987e-07
-1.1197499184201e-06
-1.2137654241445e-06
-1.3070494067208e-06
-1.4981064862415e-06
-1.8081810587395e-06
-2.1895263980005e-06
-2.6550374555568e-06
-3.3056253038425e-06
-4.1661183441591e-06
-5.1632121018255e-06
-6.4078087935249e-06
-8.2390696612683e-06
-1.0829272092462e-05
-1.4303659439503e-05
-1.9413531254525e-05
-2.6715045410207e-05
-3.4316667342459e-05
-3.8278527585548e-05
-3.6183885772438e-05
-2.7849760940914e-05
-1.2621063941773e-05
8.5884716814427e-06
2.7961291614941e-05
3.532982471637e-05
3.0195657410087e-05
2.1819568249139e-05
1.7005376307656e-05
1.5949200345799e-05
1.8632608643128e-05
2.5500186431906e-05
3.1645476358902e-05
2.8763390441236e-05
1.6824911720615e-05
9.2127238488785e-06
1.8274066063251e-05
3.6951910498199e-05
4.4741782992303e-05
3.022632135521e-05
-2.4585048360044e-07
-2.7353384891775e-05
-2.8422065794092e-05
-1.2576958391896e-06
2.3452857628709e-05
1.7902973046881e-05
-6.4594411463049e-06
-2.1949302740203e-05
-2.1283798808255e-05
-1.2016111728156e-05
-1.0125006035086e-06
2.513173794934e-06
-7.4330600281661e-06
-1.6201443686929e-05
-4.2106830131015e-06
9.8396321929402e-06
-1.1095376910904e-05
-4.7112943112949e-05
-4.5017828916689e-05
-2.3178990026581e-05
-4.2365213951789e-05
-7.7297814380002e-05
-5.5022521266209e-05
-2.3995582288196e-06
1.8043802852449e-05
7.045172138564e-05
0.0002412877419773
0.0005084855890996
0.0009095337966895
0.0015465309412471
0.0022628122362621
0.0027867082529163
0.0032428087776801
0.0038394283807142
0.0042682056331945
0.0041075928854391
0.0032339972457628
0.0017137358894317
-5.7959649163442e-05
-0.0015442708750445
-0.0023511804465248
-0.0023792404916498
-0.0019124103583998
-0.0008822996013305
0.0007030377224576
0.0020480157928604
0.0025233053518175
0.0015321070062108
-0.0011409864106054
-0.0046002753512464
-0.0074165890405486
-0.0073909823647467
-0.0054356944211298
-0.0077497831343309
-0.0090503474593051
0.01410046493952
0.035552879401163
-0.086834991981954
-0.24344420320172
0.44333495361805
1.9137918634357
3.3270059287864
4.1417097904814
4.2803112379704
4.2265825738874
3.8095521081969
3.3867476078086
3.0055764958948
2.9492723216224
2.8904462068742
2.7437069004724
2.5821850522608
2.6139539575223
2.5230611613395
2.5167768146707
2.4003798144359
2.4388369942078
2.3216882439596
2.4202604584934
2.307809467028
2.2696664152257
2.1631505832232
2.2456133333535
2.0893795118332
2.0503211743616
2.0761244276464
2.0431922580916
1.8561567543471
1.9839685415929
1.9403391320184
1.8790984209582
1.8450969873694
1.8059704951346
1.7831372769635
1.7991605614792
1.6966605930103
1.6947934222632
1.7495748500012
1.6904752225694
1.6069464339971
1.6245106562774
1.6107938104883
1.554368378055
1.5326985843984
1.5717918057003
1.523999488275
1.4932259559634
1.4786169042978
1.4443028627038
1.4257577954405
1.4049604108127
1.4090284407875
1.3979289635824
1.4228175957371
1.4082061921222
1.3791624180053
1.3230303138018
1.2873389375452
1.269103495553
1.2748618912926
1.2924582451655
1.2547085003225
1.2631861265319
1.2627946458874
1.2595607124819
1.2823321161653
1.251149093631
1.2095143386073
1.183670589206
1.1714547075428
1.1919345033144
1.1768380224595
1.1341927200203
1.1371561517503
1.121052547944
1.0916044627788
1.0625084998157
1.0103877213465
0.97644541927746
0.97616935679472
0.95033140913507
0.91323553341187
0.92763772624558
0.93527863340466
0.89647187477872
0.89966772997947
0.89676996525156
0.82851131168962
0.82221215321479
0.83471171468652
0.7781299175182
0.73582182595882
0.77435110565496
0.7824195082371
0.75773505423804
0.80066849484375
0.83392212676365
0.75626851823891
0.70404969170426
0.73885581814075
0.75554146408088
0.73427388714045
0.74519371813437
0.74815514939068
0.69067375871477
0.67658706055482
0.73294822519756
0.75375987327533
0.73513051793235
0.74211534224844
0.76774223634786
0.75344508391026
0.71319968257093
0.71648866277378
0.74378169648064
0.72605992351455
0.69082219441441
0.68452460809034
0.68866513762345
0.6726539414867
0.66986640236024
0.68831854938303
0.70093017232438
0.72560552249747
0.74005482132371
0.72033502358657
0.70884971411367
0.7036547707493
0.68230599694701
0.65706951202458
0.6534519753167
0.66270806742388
0.6621174285371
0.6795769539508
0.71732629193164
0.70235953668956
0.65305808328731
0.64426558365831
0.66603995410475
0.65450390097368
0.61443704046233
0.58200038842529
0.53710017518398
0.45032026320513
0.34750379718318
0.25411596916634
0.19434139204506
0.1931345647602
0.23052025734671
0.22882612135717
0.18675551016543
0.18156237202334
0.20832404991253
0.22672487279181
0.22787432080698
0.21983029512569
0.21419167553525
0.20585443076655
0.22230328034105
0.26652217987788
0.27942954985605
0.28227080513936
0.31443038695045
0.33844779540928
0.3467577424022
0.36561901582388
0.40555385979388
0.46039254637371
0.49447114008565
0.47866750823928
0.43667664955294
0.42913935802282
0.46964450983609
0.52562326026333
0.57744604604117
0.602336791545
0.60225173134825
0.62329999427746
0.68836683874416
0.77276519024494
0.83657720365409
0.84287398830796
0.76987181764672
0.64200175391953
0.51912475535936
0.43346966204858
0.38280504005463
0.36823875329759
0.36880747451455
0.35619175263157
0.33430505046752
0.32534872963765
0.34708624776876
0.39354577588142
0.43424852139928
0.44555394863828
0.43497546338074
0.39362181472988
0.28851098607703
0.16402303098566
0.091318303070409
0.066116292147811
0.059798114230603
0.052134674175619
0.037436945998337
0.021999397685235
0.017812674474982
0.023077821469286
0.023034328870608
0.0048019637638674
0.0020281811750067
-0.0002369041411043
0.0004816443414768
-0.0005775442183164
-0.0067508310660713
-0.0087603049603757
-0.0021803986161473
0.0049169533788529
0.0042695119084613
-0.0024048040362601
-0.006038131859043
-0.0055762818412575
-0.0030634791542639
0.0049075639815044
0.0096354177770763
-7.489133437843e-05
-0.0096816380541043
-0.0059536052582132
0.0011634163282537
0.0022863063684042
0.0010682043498633
0.0003517958482746
-0.0049787552402591
-0.0055016647856121
0.0078725825961357
0.0046775129405319
0.0003631231301426
0.0067729240853964
0.0029486677888713
-0.0051210894135068
-0.0075429788196857
-0.005885824112184
-0.000470244091133
0.0050543182435803
0.0077961491665945
0.0042084444324075
0.0024632966571403
0.0025884661212672
-0.0004490736181139
-0.0023682781513656
-0.0049693610616686
-0.0024792425932674
0.002655679787722
0.0043374436174304
0.0023217495961347
0.0005189109337777
0.0008459060325094
-0.000978438191268
-0.0051353415933875
-0.0038950347374112
0.0010784598352132
0.0018407512826002
0.0010058105431199
0.0026744305294812
0.0036197099081647
0.0015063166571849
-0.0008380651610906
-0.0015833870676829
-0.0019381513745032
-0.0011216555947158
0.0006221759043967
0.0012083362079807
0.0010002854459401
0.0004480109563331
-0.0010562423856442
-0.0022389608556495
-0.0012054645395665
0.000778562420578
0.0015149382079471
0.0027979476758588
0.0043280170732629
0.0029806514088904
0.0001166721673939
-0.0002212417967939
-0.000224127663273
-0.0021776755829705
-0.0036011551745929
-0.0041060302223173
-0.00326208979331
-0.0005348030473584
0.0023263007697949
0.0040335439010164
0.00463762974654
0.0044032481198997
0.0025321416703861
0.0002583954113788
-0.0002658518873488
-0.0007097842598113
-0.0022521989365032
-0.0046980582833811
-0.0054802160491363
-0.0032187734674949
0.0003545884425193
