0.0
0.0
0.0
0.0
0.0
0.0
0.0
0.0
-8.847948874533201e-183
-5.1718563591254e-171
-9.4868240362539e-162
-6.502832276734001e-154
-4.7220827466577e-147
-6.4465733016455e-141
-2.3734168159167e-135
-3.014381002829e-130
-1.5774241424193e-125
-3.8867723569409e-121
-5.0008344050375e-117
-3.6474454159467e-113
-1.6119027233924e-109
-4.5594225165237e-106
-8.6417160480608e-103
-1.1408650189099e-99
-1.0843970402158e-96
-7.6358609090444e-94
-4.0833713939214e-91
-1.6947508886439998e-88
-5.564597424173e-86
-1.4701888478065999e-83
-3.1731633281508e-81
-5.671183185673399e-79
-8.4958666526487e-77
-1.0786314170412e-74
-1.1722014519403e-72
-1.1003660450884e-70
-8.996559408305601e-69
-6.4552887442644e-67
-4.093380123072e-65
-2.3086838214032999e-63
-1.1650355742926e-61
-5.2892351622713e-60
-2.1714121468699e-58
-8.0993771029981e-57
-2.7570716488123e-55
-8.6007217193819e-54
-2.4683310851287e-52
-6.5409815373694e-51
-1.6060146270239e-49
-3.6655004375295e-48
-7.8005374654567e-47
-1.5523100550321e-45
-2.8965362729243e-44
-5.0809061928615996e-43
-8.3987221220168e-42
-1.311224621402e-40
-1.9375327996572e-39
-2.7150609355555e-38
-3.6145425026623997e-37
-4.5791993619428e-36
-5.528953865839e-35
-6.3709729062662e-34
-7.0147245107925e-33
-7.3881386388381e-32
-7.450864659143399e-31
-7.2012785694268e-30
-6.6756106886316e-29
-5.9397434893761e-28
-5.0761240973918e-27
-4.1692487635195e-26
-3.2930752401189e-25
-2.5026877186018e-24
-1.8310538248011e-23
-1.29031726265e-22
-8.7616081949908e-22
-5.7349383086546006e-21
-3.6196624104708e-20
-2.203526688205e-19
-1.2943788261589e-18
-7.3472693023866e-18
-4.1657018609781e-17
2.7005774147016004e-16
6.806589643650001e-17
5.4184078850137996e-17
2.8706478412516e-16
1.4720403430737e-15
6.6539344707537e-15
2.5726954915416e-14
9.3104017086898e-14
3.1678283541231e-13
1.0123580332883998e-12
3.0103102498409e-12
8.2805102324618e-12
2.0873826135082e-11
4.7639992245520006e-11
9.670332904749e-11
1.6941649159581002e-10
2.4057869061851e-10
2.2746022623659001e-10
-3.3811983954012e-11
-7.625169171033601e-10
-2.1219948977648e-09
-4.0684737927466e-09
-6.3411708214995e-09
-8.7776749678291e-09
-1.1780641272084e-08
-1.6238615180032e-08
-2.2407736323865e-08
-2.8781285178487e-08
-3.3206915590488e-08
-3.6363651126977e-08
-4.3047050639507e-08
-5.7184221808194e-08
-7.5939828652282e-08
-9.3530687681571e-08
-1.1180608828088e-07
-1.4025782683175e-07
-1.8492491837959e-07
-2.4913149294188e-07
-3.4189941945303e-07
-4.5724527790361e-07
-5.5048444207954e-07
-5.9358992361182e-07
-6.4788707805803e-07
-7.7363779098227e-07
-8.7863360398108e-07
-8.4884871796517e-07
-8.0689387359223e-07
-9.1099978689196e-07
-9.2883824191065e-07
-5.3566374842717e-07
-1.9462719977326e-08
2.912119885512e-08
-2.9292822889548e-07
-3.9068766208294e-07
-2.3751015910956e-07
-2.5137135289954e-07
-3.4956859074065e-07
-1.9821896624084e-07
-8.0013425052261e-08
-5.0542909371676e-07
-1.2214642033936e-06
-1.356415587489e-06
-5.191801238924e-07
5.9236686666964e-07
8.8987199553525e-07
4.6501646977504e-08
-1.3931281253599e-06
-2.5002528103446e-06
-2.1881307238347e-06
-3.7343020897751e-07
9.800785155667e-07
2.126683773529e-07
-1.3843831331295e-06
-1.8512214067234e-06
-1.4396390551896e-06
-9.6486545420049e-07
-4.4827896672484e-07
-5.6125320502254e-07
-1.705525062845e-06
-2.0449340581985e-06
-4.3631484536455e-07
2.7816821346338e-07
-2.3936589876872e-06
-4.7230963307054e-06
-1.7893639958633e-06
2.6993827839661e-06
1.3718822189368e-06
-2.9353335484483e-06
-2.0339184336748e-06
1.0761090463163e-06
-2.4092797645814e-06
-9.6339013488933e-06
-1.1904356944648e-05
-9.7346754990291e-06
-4.8263690044514e-06
6.8580830903109e-06
1.5923407825635e-05
3.534665449223e-06
-1.7379628491909e-05
-1.430878139308e-05
3.0566094433304e-06
1.6446522255187e-06
-1.0611163314689e-05
-1.2983320152316e-05
-1.2893466494468e-05
-7.7290606359526e-06
1.0609156453345e-05
1.3369380957862e-05
-1.2135133486968e-05
-2.3857342945632e-05
-4.3191727971958e-06
3.3135446053656e-06
-2.2578489167202e-05
-3.3322625792032e-05
6.0937150214713e-06
4.8537272689941e-05
4.5344660870583e-05
1.5460014024526e-05
1.6238205557961e-05
6.5079041067229e-05
7.4361247892618e-05
7.9929364238396e-06
-2.7183035222755e-05
-1.4131846381993e-05
-1.5160930177949e-05
-2.3096792545196e-05
-3.3005973087974e-05
-1.9567863129843e-05
1.3643770835348e-05
2.2660015919218e-05
3.4405648630109e-05
1.5375131556805e-05
-3.5245009721852e-05
-2.8410387375999e-05
-1.1822837192588e-05
-4.1886319562812e-05
-8.6972580715106e-05
-6.7698901498603e-05
-2.9075355803543e-05
-0.0001160148966943
-6.901034739909e-05
9.9948611598233e-05
-7.6136096444079e-05
-0.0002972859502847
-0.0005283201708949
-0.0005033281472943
0.0001129885673134
0.0004347570804474
0.0051554622366723
-0.0090346587888313
0.014506009396764
-0.0017377650547434
-0.010915297780878
0.011940541816946
-0.012820217128029
0.0043438993917011
0.0021610772905856
-0.0038791516591363
0.0045945623942778
-0.0032876269913551
-0.0009295313914137
0.0040593852741466
-0.0030389887419435
0.0003749289124943
-0.0008755309515606
0.0039361013088435
-0.0059840923379628
0.004211865018533
-0.00112090517983
0.0002828866223936
-0.0013527990879503
0.0036423884862913
-0.0060552293591698
0.0045879475313981
0.0001966964767063
-0.0023296837753595
0.0001483699124005
0.0023025860352188
-0.001223112238824
-0.0022491660772062
0.0036469669169037
-0.0018171656509303
0.0003949509162382
-0.001284667350987
0.0016228050549572
-0.0001842053492406
-0.0013457489159929
0.0014465057277757
0.0011014740433524
-0.004456129330288
0.0049447538259084
-0.001418981299528
-0.0033674312233334
0.0042294102547746
-0.0010549603484122
-0.0012559988356919
0.0016268327630353
-0.0014272190925091
0.0003471749849381
0.0010175813948798
-0.0011061586827843
9.2684899666295e-05
0.001116212350194
-0.001966640812423
0.0010162823484539
0.0012082580449491
-0.001538652024724
7.5267723209649e-05
0.0001435448633735
0.0012342191191284
-0.0014329019901727
-0.0001561973782759
0.0013184250449605
-0.0012839399813558
0.0002677161678565
0.0002869688001894
0.0004005312115751
-0.0006009339521106
2.4328717085353e-05
-5.6499056988457e-05
0.0001087960238344
0.0005399054409327
-0.0010443266966753
0.0003316463235147
0.0010483384324189
-0.0010250695947178
-0.0001870253025781
0.0008347203261482
-0.0014116177881718
4.3985436226634e-05
0.0010387635147158
-0.0005028137396667
0.0009971420523058
-0.0009646089288217
0.0002073612040298
0.0005568325610827
-0.0006151773569218
8.8857525692986e-05
8.1402754981141e-05
-0.0001443713353754
0.0004898826643895
-0.0006378741045143
-3.994359345505e-05
0.000925460063117
-0.0003677009515534
-0.0008837203330891
0.0009492621277917
-0.0001486547251072
-0.0006521429104289
0.0006749884055246
-0.0001619937762154
-1.2169865826195e-05
-0.0002460130836823
0.0001685887736968
0.0002233134495099
0.0001931365132268
-0.0004674695770479
-0.0003997779493225
0.0001810115317635
0.0002192161612235
2.9070067686376e-05
0.0002251659148466
0.0006120757609195
-0.0009581972394645
-0.0008524028017653
0.0009836418274566
0.0004848624981956
-0.0002539247677901
-6.80346743831e-05
-0.0005465412148186
0.0003912543849349
-0.0003951208585206
0.0007353943767274
-0.0002061274547049
-0.0001755211374909
0.0007013479443873
-0.0007808209804061
0.0002607985305047
4.9378711475256e-05
-0.0005374500673394
0.0005292946043233
-0.0002419734473235
-0.0002071461849606
0.0001378462505474
0.0003482676406374
-9.6284877670883e-05
-0.0003496515555756
0.0004056771501392
0.0002424901677677
-0.0004067598675661
-4.8537624497413e-05
-0.0002347916444378
0.0002020913624889
-0.0001025145564881
0.0002282040815426
0.0001121056289576
2.1936958205515e-05
-3.5350982718896e-05
-0.0002741757701763
-0.0001641417674669
0.0002080609050825
0.0001814855583148
-0.0002346679129683
0.0001560659544264
0.0002466049232818
-9.4324413790758e-05
-0.0002100037991059
0.0002426852626413
-2.8620882774888e-05
-0.0004488498027477
-5.2775823133899e-05
0.0001838370692119
-3.4715850238953e-05
0.0001630399343088
0.0003288827160385
-6.7880663001674e-05
1.2779928226792e-06
0.0001513990681711
-0.0001267027128992
-1.2272403004943e-05
-0.0005053228735452
-0.000589067291834
0.0004454169838741
0.0008234368078952
-0.0008156002071491
0.001503950205306
-0.0012063548504582
0.0009344584240622
-0.0013065854352678
0.0004300636342158
-0.0007345750204557
0.0009250674078753
-0.0003580093478117
0.0003093522887631
0.0004658440679872
-8.0506031840955e-05
-0.0002865262212825
0.000278360184458
4.9330054263664e-06
-0.0001589139798863
0.0002425022652019
-0.0010907980618757
-0.0001327532595407
0.0002802517624189
4.3011768990908e-05
0.0006498372794094
0.0001935471965808
0.0002485589727818
-0.0001734257500274
-0.0005284907321989
0.0005137007104139
-0.0004215532745544
6.9002892555403e-05
-0.0002695967086019
-0.0004448790367206
-3.3545124766832e-05
0.0003807961463486
-0.0002931976622377
0.0004884219375167
0.0004605825161707
3.0915116289165e-05
-0.0003987636718605
-0.0002083753414261
-0.0002529994126643
0.0004604280577247
-0.0001554299915884
0.0001818529600239
-0.0001811284727093
0.0002533830585793
5.2239967951451e-05
-0.0002001517460215
0.0001737189001538
0.0001885934871381
-0.0002285025254789
-0.0004582174942591
8.4836431968327e-05
5.0021557473912e-05
-0.0001015082737421
0.0001992515850091
0.0002049526327763
1.6478232822692e-05
-4.6054355173908e-05
6.1260211037251e-05
-6.4748224648525e-05
-8.5279441197628e-05
5.7081883442223e-05
-5.5034978574398e-05
-0.0001405195861892
-0.0001054172533265
9.1623019482512e-05
0.0001994049819931
0.0002135202841202
-0.0001098775386676
-0.000204856213104
3.2853370734998e-05
0.0002907201586133
-6.7594985031505e-05
-0.0002441292453969
-3.953223837172e-05
