70.0
70.0
70.0
70.0
70.0
70.0
70.0
70.0
70.0
70.0
70.0
70.0
70.0
70.0
70.0
70.0
70.0
70.0
70.0
70.0
70.0
70.0
70.0
70.0
70.0
70.0
70.0
70.0
70.0
70.0
70.0
70.0
70.0
70.0
70.0
70.0
70.0
70.0
70.0
70.0
70.0
70.0
70.0
70.0
70.0
70.0
70.0
70.0
70.0
70.0
70.0
70.0
70.0
70.0
70.0
70.0
70.0
70.0
70.0
70.0
70.0
70.0
70.000000000002
70.000000000013
70.000000000072
70.000000000358
70.00000000167
70.000000007274
70.000000029554
70.000000111769
70.000000392559
70.000001277594
70.000003844444
70.000010674558
70.000027302167
70.000064246998
70.000139042728
70.000276981024
70.000509201525
70.000868172221
70.001383258515
70.002080525185
70.002988382299
70.00414557748
70.005606579684
70.007444393816
70.009754803268
70.012661797975
70.01632010564
70.020918548971
70.026695459319
70.033968615443
70.043173332126
70.054905658503
70.069950807907
70.089242545012
70.11372055757
70.144116250356
70.180700317461
70.223040722194
70.269970603255
70.319986512856
70.37191121003
70.42531238988
70.480415298453
70.537702016501
70.597490572568
70.659707727738
70.723955343588
70.789727479877
70.856638864776
70.924725671887
70.994579269897
71.066884933537
71.141778539738
71.218939682401
71.298359305107
71.380822980275
71.467536132122
71.559203738007
71.655507358495
71.755680952594
71.859603113499
71.968186051877
72.082831600095
72.204584019173
72.333501660572
72.468669546221
72.60896167816
72.753974023548
72.904354632206
73.061236234685
73.225497874052
73.397756567076
73.578525211968
73.767961101026
73.966012034063
74.173062587675
74.39008452344
74.617695326369
74.855185988618
75.101614194303
75.356854685144
75.619200387186
75.883515278233
76.142149276615
76.382978799354
76.587096709235
76.73290746134
76.797378711189
76.751103263869
76.566160764216
76.230673745489
75.750136645644
75.15297662169
74.494919180226
73.839243147711
73.23672607013
72.716139522659
72.284740705926
71.923734846898
71.577685739757
71.196288874724
70.751486468029
70.208829038415
69.594811567649
69.03320928848
68.661936863201
68.566048142591
68.709861024777
69.000878235595
69.514460715797
70.256078302659
70.458897741026
69.550637520165
72.091473782168
80.598492918446
80.420390469053
77.929839807514
73.34551055335
68.634237602994
64.172357568988
64.026705729613
63.89322571613
64.007823949818
64.244200178675
64.543298465189
64.005705749851
64.343575651111
64.600302403018
64.415783520659
64.2226701476
64.745725884284
64.330907797823
64.58310356732
64.322319844619
64.328932251193
64.27432749743
64.303899447168
64.034223388279
64.159566951939
64.051232661378
63.971595688445
64.011768640422
63.808479135843
63.743259534674
63.789031252922
63.545808867433
63.517140411983
63.639021699114
63.276374336901
63.295527393502
63.284228048901
63.121772844865
63.117883287064
63.124168131823
62.949321594218
62.918061041661
62.66842918439
62.72196839995
62.751950024833
62.522008333188
62.435391431023
62.595544297927
62.508561980265
62.316268859315
62.308015656362
62.318212340758
62.225622733961
62.170313830694
62.12586336442
62.055683896098
61.892351469166
61.908276078285
61.956553263851
61.891602989295
61.789003869485
61.848768719688
61.829617909161
61.670877167877
61.653225408721
61.665288642134
61.561964286517
61.516359585577
61.469080286557
61.417141442503
61.434389359193
61.43844294599
61.325156414209
61.278249862555
61.311474058448
61.313504308738
61.241978010903
61.14994172011
61.174918752501
61.15632332762
61.034399129708
61.029666068319
61.103197185611
61.020736919367
60.986879033715
60.978065905263
60.889589546804
60.962921155989
61.015236818871
60.877405181927
60.8749889304
61.003179614738
60.976778612294
60.900456462224
60.945924021879
60.985533261506
60.921867796446
60.875694653302
60.991056302414
61.018284095193
60.87591164909
60.855165180842
60.927553857825
60.903329125899
60.832348135
60.865183642895
60.89157582618
60.788195706212
60.710063241298
60.830598780522
60.872873104932
60.798115236684
60.774322673492
60.800022028464
60.831690067345
60.835307632866
60.798525330007
60.833252079809
60.880794867837
60.799342079629
60.749200294577
60.793188175497
60.826962988177
60.785167046282
60.700495918854
60.712906733269
60.752899565886
60.695989222984
60.664579774176
60.708397816092
60.758890764767
60.768754500861
60.798205354717
60.860045781952
60.826459010076
60.717590277587
60.705350508754
60.750559891126
60.733477093314
60.665782293343
60.675066853616
60.746942667044
60.74432847533
60.708991064594
60.713722863858
60.726393156029
60.746465530762
60.793984891692
60.858660969046
60.832992076272
60.763027798961
60.840013962216
60.997484481164
61.110743105587
61.244935843072
61.400863139217
61.42870691409
61.319555745654
61.211493824725
61.158564203997
61.125974851842
61.09297092589
61.036985812129
60.987435357137
60.96626994043
60.970007626163
60.994814332064
60.955606299539
60.86269287755
60.846455565299
60.884977204719
60.908772240329
60.937138440414
60.951606119397
60.884767942258
60.747032161566
60.663307765332
60.663304361024
60.642218083494
60.586935684742
60.533214116005
60.466039565032
60.407897054997
60.389480038711
60.404184969106
60.417582294614
60.420524742335
60.485157693371
60.614961797637
60.718762298043
60.720336907386
60.625979622728
60.602015600463
60.696170848671
60.755703288244
60.745305460381
60.709068940763
60.608704449269
60.437451829983
60.311827747608
60.307641972842
60.335302138725
60.296834795156
60.245758053262
60.221238471369
60.153176952752
60.090109697474
60.125006579814
60.196859485017
60.232525891228
60.197582255976
60.107536940369
59.985967975084
59.901395085948
59.717208123055
59.444444023485
59.352467460115
59.537388231688
59.74127238679
59.708328750757
59.52267163509
59.446451541566
59.532889478056
59.766479653402
60.083087208365
60.13120955093
59.746825271482
59.362318966001
59.307816637324
59.41450454875
59.467865865851
59.466811962369
59.45315267878
59.468053759537
59.734638814924
59.99043119508
59.75976437709
59.56141075612
59.570412543254
59.358175522733
59.066205482548
58.919703284045
58.99883431107
59.281007965206
59.637100638071
59.850425192503
59.818953273737
59.68893382468
59.490681838633
59.269174065842
59.130664387752
59.116199369761
59.276526735881
59.446511486417
59.506821959628
59.44513163707
59.289905172152
59.101077382211
58.932035633434
58.886009923666
59.110650264243
59.46454378575
59.656992381768
59.653037901407
59.570794379544
59.484326738326
59.447395316281
59.463909250533
59.471310509724
59.438567766944
59.428647511148
59.424682496633
59.364246495218
59.275353301453
59.188229445812
59.115121554952
59.101733849468
59.220791851397
59.429906075441
59.632617669447
59.764035545971
59.735343190072
59.491740492846
59.128663859605
58.822773987856
58.634176386461
58.552937238306
58.558837505084
58.636414487766
58.825610402308
59.142375273572
59.507288938416
59.808239988127
59.949493192172
59.872029498156
59.570668848696
59.182779523481
58.876370780598
58.656446103143
58.451214040489
58.300350061837
58.356192269629
58.638702840584
59.019670749232
