0.0
0.0
0.0
0.0
0.0
0.0
0.0
-1.0434133997523e-147
-1.7919034611626e-137
-2.758090702179e-129
-2.4948046749495e-122
-3.1443885167408e-116
-9.057568393382301e-111
-8.199298346243401e-106
-2.9064050297905e-101
-4.729294330164199e-97
-3.9771650168097e-93
-1.8922661490042e-89
-5.4659714326931004e-86
-1.0140435845282e-82
-1.2649096032619e-79
-1.1021735443682e-76
-6.9292083472981e-74
-3.2319344318988e-71
-1.1458620185555001e-68
-3.1547743991976e-66
-6.8736808311343e-64
-1.2053777371161e-61
-1.7271818391689002e-59
-2.0499866294417e-57
-2.0404121956558003e-55
-1.7223051052724e-53
-1.2456051852211999e-51
-7.791487155078599e-50
-4.2521620330899004e-48
-2.0410793435819e-46
-8.6825868853845e-45
-3.296492963557e-43
-1.1245003543461e-41
-3.4680709612412e-40
-9.7269759200135e-39
-2.4944806428708e-37
-5.8780389709716e-36
-1.2782910295319e-34
-2.5751143181266e-33
-4.8202453241946005e-32
-8.404177388272899e-31
-1.367267822817e-29
-2.0782302805327e-28
-2.9538443710156e-27
-3.9281407141289003e-26
-4.889609994218001e-25
-5.6989743108585e-24
-6.221191015577599e-23
-6.3617488814942e-22
-6.0947652115673e-21
-5.4758803869974e-20
-4.6350050024051e-19
-1.4360012301432001e-18
1.2999889878108e-18
6.5852377829321e-18
3.6618211379364e-17
1.9284323644354002e-16
9.7303030685813e-16
4.5199404233377e-15
1.9218464810829e-14
7.4474361645717e-14
2.6125179506622e-13
8.2314525525289e-13
2.306275587727e-12
5.6680360585834e-12
1.1970999559757e-11
2.09655665366e-11
2.8128746793721e-11
2.1548382270615e-11
-1.7116447489984e-11
-1.0414132855428001e-10
-2.4415989199611e-10
-4.3695230905059004e-10
-7.020515134533501e-10
-1.0749000301695e-09
-1.5309814581283e-09
-1.9300548374478e-09
-2.1657206801369e-09
-2.4178239047109e-09
-3.016746353002e-09
-3.9086465992126e-09
-4.7206907920194e-09
-5.6630451963002e-09
-7.3726874934439e-09
-9.2991189271161e-09
-1.0460678688496e-08
-1.2906428982734e-08
-1.9855032965844e-08
-2.8391912108676e-08
-3.2601297599022e-08
-3.6864472289892e-08
-5.0756580979643e-08
-6.6788423108872e-08
-6.7568843150397e-08
-5.8885995604836e-08
-6.0718306217535e-08
-6.5241479593747e-08
-5.008561269372e-08
-2.5549217540221e-08
-1.4256771373698e-08
-4.470909255663e-09
2.1386297822945e-08
4.6511627025542e-08
5.438812444511e-08
6.4819293783131e-08
1.0521156088017e-07
1.6757620508248e-07
2.0813339615677e-07
2.0044568904351e-07
1.7424895016119e-07
1.6779466276498e-07
1.8996361802678e-07
2.5656624813575e-07
3.606614455004e-07
4.1939333265961e-07
3.9106980469217e-07
3.6713763600094e-07
4.1661437247958e-07
4.8697818388899e-07
5.3637822852032e-07
5.8097251500605e-07
6.0914102817389e-07
6.0976961444026e-07
6.4427738478978e-07
7.7147258056853e-07
9.0278819235567e-07
8.9501113045842e-07
8.6423501445554e-07
1.0328306153246e-06
1.2308411937861e-06
1.2056696196971e-06
1.1860570690719e-06
1.3921438218878e-06
1.5629026427211e-06
1.5316489793138e-06
1.5978410433104e-06
1.9266985685495e-06
2.1759879360594e-06
2.2022223368223e-06
2.291796919518e-06
2.1695497670893e-06
1.3492381568392e-06
7.6537684187694e-07
1.6610509291082e-06
2.972106541238e-06
3.2003823481619e-06
3.3263467806299e-06
4.0447507436703e-06
4.5997212003712e-06
4.9639302970861e-06
4.8485555951827e-06
4.4997719053919e-06
3.7767853612314e-06
2.4140657355343e-06
4.0439104989076e-06
6.4576578744369e-06
4.7783926261646e-06
5.0700868561015e-06
8.7238256125388e-06
1.0326481593076e-05
9.7082091808642e-06
8.0664013673154e-06
9.1240931949857e-06
1.4431786461646e-05
1.770417662059e-05
1.8267368828616e-05
2.7244633946946e-05
3.431786290134e-05
1.8101498296563e-05
-9.6636238574865e-06
0.0001246761389671
4.3295901058781e-06
-0.0001038482810368
-2.1277713289636e-05
4.0967419906779e-05
-9.1484174408907e-05
-7.8748122062766e-05
2.9847766988556e-05
5.7351537696696e-07
-4.5769359729886e-05
-8.0351571368431e-05
7.1972752985872e-05
-2.7640578852073e-05
-4.8409976992958e-05
-8.8882008388857e-06
5.5047813077302e-05
-9.2821352388084e-05
4.300489858633e-05
-4.1580454268941e-05
9.8879778226424e-06
-1.8604713290404e-05
1.7748235724646e-05
-4.009166481822e-05
1.7057176149082e-05
-1.8019856790064e-05
3.927629555811e-06
-9.7576388337073e-06
-2.2589787783911e-05
1.8880034463931e-05
-7.6802756125982e-06
-2.7027664610602e-05
1.4766611386441e-05
1.1321224090644e-05
-3.2154808131679e-05
1.1588746196223e-05
-6.5524081382939e-06
-3.7303666898803e-06
4.4348894470136e-06
-1.5504558482426e-05
-5.044942840926e-06
1.5172257514462e-05
-2.8147660867228e-05
1.5848253222983e-05
5.9967747421119e-06
-2.4102389680425e-05
-4.7870487677737e-06
2.8916417985192e-05
-2.0797381788396e-05
-1.2655492282521e-05
1.0126966548285e-05
1.3027136570032e-06
-1.1267201080911e-05
2.169477693048e-07
5.3760482310318e-07
-5.7440027189104e-06
-6.6126100576325e-06
1.5374223416187e-05
-3.046264562212e-06
-1.3926089053984e-05
-6.9821902481949e-07
1.5396248875255e-05
-1.3592301707832e-05
-1.598008058562e-05
1.4616141964574e-05
5.5216691614568e-06
-1.6589719958437e-05
1.9080296300711e-06
3.3334304001542e-06
-1.4639564376862e-06
4.504868540478e-06
-7.9528629829961e-06
-1.3957179763435e-05
1.312062369907e-05
1.0512171295385e-05
-1.1332603941872e-05
-1.1861070792374e-05
4.2724954197326e-06
1.0058953879233e-05
-6.7825664615273e-06
-1.1290170092937e-05
1.2842821639047e-05
1.9566264700677e-06
-1.3093989097379e-05
4.9506689587808e-06
7.0999203560796e-07
-7.6256131028574e-06
1.0161408227627e-05
-2.9143367923923e-06
-1.1334926581563e-05
9.8086554396193e-06
5.8432846885004e-06
-1.4594605737245e-05
-1.0118568732342e-06
9.1335374893808e-06
-4.0249661162339e-06
-9.1426662450766e-06
3.6429290976026e-06
9.2147367969642e-06
-6.5805563828902e-06
-1.004966580892e-05
7.7730624636063e-06
5.1007756283472e-06
-8.0096880838987e-06
-6.56408327665e-06
1.2135791341239e-05
2.2575934030267e-06
-1.6871586753398e-05
-9.3758201089034e-07
1.9263907987094e-05
-7.6905745722278e-06
-1.2848082410644e-05
7.8683437928773e-06
5.6397400749753e-06
-5.1571294341635e-06
-3.2778160303226e-06
2.3835384464765e-06
3.6153403505657e-06
-3.8832325786331e-06
-6.0560178943292e-06
2.125030668737e-06
1.4525272365728e-06
-1.5236586711209e-06
-9.7083342381898e-07
-4.1706596387303e-06
3.4649251514918e-06
6.9106259275586e-06
-6.6978405339757e-06
-3.3039518301248e-06
6.6009816111767e-06
1.6710911985574e-06
-4.560037036333e-06
-5.1978961845834e-07
1.3365820129979e-06
-3.8630951050972e-06
-7.9919435110876e-06
4.1813763468207e-06
8.4416593241904e-06
-5.7453702139859e-06
-6.3043317907741e-06
7.4039119471042e-06
2.9460895079325e-06
-7.7273190231264e-06
-1.8469563050488e-06
1.3973510021997e-06
-5.6798143863446e-06
-2.5781608818526e-06
4.0357382498774e-06
1.4747513222418e-06
-6.4715955813838e-06
-3.2740448512453e-06
7.2409224426001e-06
2.9124219826371e-06
-3.3789288262226e-06
2.9884001377864e-06
4.0291880741908e-06
-3.6293643857002e-06
-5.2429619405367e-06
-5.8030270218279e-07
1.0963996732657e-06
-2.2973639080756e-06
-3.4087164124674e-07
3.8026104312097e-06
-1.7308767253504e-07
-3.2389874847702e-06
4.7065699817009e-06
5.1027818688404e-06
-7.5439506477953e-06
-6.8141266072255e-06
5.151348435796e-06
1.6964921972368e-06
-3.7379380824556e-06
3.1508250892681e-06
3.9282965913559e-06
-3.0445264029427e-06
-6.6800487252064e-06
4.6671444577094e-08
6.266144911081e-06
7.6798891856383e-07
-3.5839875649202e-07
3.6168493416644e-06
2.6787520844146e-06
6.3232843331637e-06
1.0691007639008e-05
5.9514434234062e-06
-2.5036621497457e-06
-6.1720605697146e-06
-2.9701467312709e-06
-2.5414493136922e-06
-3.8764124884461e-06
-4.2257794001799e-06
-8.3847723872793e-06
-1.7280797058317e-06
4.996546737801e-06
-2.8962419137413e-06
-6.0006182729388e-06
-6.3243449562461e-06
-1.3886857649775e-05
-1.5956524181571e-05
-6.0780281350842e-06
5.3984362296255e-06
2.7790685687284e-06
-7.0747991327419e-06
-4.806756428874e-06
-1.2059017117649e-06
-5.5590868167782e-06
-7.6198531875904e-07
6.9281236623059e-06
5.7811075290792e-07
-7.0938201290893e-06
-6.4101701395397e-06
-4.9840263570411e-07
9.2460134294703e-07
-2.0640483623657e-06
-2.7175435903526e-06
2.0492952829132e-06
-1.707024712444e-06
-3.6147187181673e-06
-3.1567258146348e-06
-3.4836014027872e-06
-3.9956479544884e-06
9.8853827218414e-07
2.1484759596679e-06
-2.9558704230936e-06
-3.9715710079269e-06
-1.0806111503392e-06
-2.6749790571628e-06
-6.0532463260071e-06
-4.5820472476948e-06
3.9169911296155e-06
6.3497679831381e-06
-4.1344331990212e-06
-6.3514968615952e-06
-5.6660432511124e-06
-7.8012623756923e-06
-4.3650029571546e-06
2.0000839905943e-06
7.9321582666519e-06
1.8586835333831e-05
-5.1540536991079e-07
-2.3115119347758e-05
-2.7594698546213e-05
-1.3383087165392e-05
1.3304679864837e-05
1.5106867573708e-05
3.2292692135338e-06
-3.9189431741411e-08
-1.0888575354584e-05
-3.3866800490667e-06
-3.3775700346572e-06
-3.9108563149315e-06
-4.676850130475e-06
-2.9366041422729e-06
-4.2207990157139e-07
7.2131171721668e-06
-3.2498703695372e-06
5.5890300418304e-07
-7.7312943712327e-07
-4.4069939494906e-07
-4.1138123401396e-06
-8.6198309039026e-06
-5.2832626311061e-06
2.700311270698e-07
-7.6703634154102e-06
-5.5282620919778e-06
5.6149826214297e-06
9.4271390743694e-06
-8.3522972726957e-07
-5.9779729206511e-06
-4.1738786892009e-06
-8.7607776221715e-06
-6.8100968809853e-06
6.3898619649672e-07
2.1178543827965e-06
6.2029935107843e-07
-2.5539391711182e-07
-3.0934623083817e-06
-4.7985731139455e-06
-2.2978972477883e-06
-1.3784655173155e-06
-2.2991632981501e-06
-5.5898233068674e-07
2.1713555833774e-06
-3.00930487733e-06
-7.0777800106753e-06
-4.1154927375581e-06
-2.3410098976967e-06
-4.6766548598837e-06
-6.0516192385424e-06
-2.2950707673358e-06
-3.147048411728e-07
2.4802930231604e-06
8.1881521293847e-06
4.2790764120254e-06
-4.0213021024887e-06
-6.8928376686372e-06
-5.6789493194515e-06
-4.5183321512599e-06
-3.5004734531135e-06
-3.2140312431206e-06
-2.4156888800697e-06
-4.0266722140248e-06
-5.0022984618703e-06
-2.6804364879757e-06
-1.0179136940292e-07
