"avg(slip rate)"
0
0
0
0.087651
0.26814
0.44515
0.5215
0.4922
0.48278
0.47913
0.45948
0.47237
0.45721
0.43793
0.44593
0.42285
0.43105
0.4088
0.40074
0.39269
0.3937
0.41606
0.42814
0.4345
0.43862
0.45262
0.48042
0.49258
0.524
0.53065
0.53909
0.55223
0.56447
0.56883
0.57173
0.57503
0.57998
0.57995
0.51032
0.34776
0.31644
0.31944
0.32266
0.25342
0.24215
0.15769
0.08887
0.0060532
0.041824
0.040288
0.049833
0.002028
0.02644
0.08442
0.09669
0.098507
0.13411
0.10293
0.087826
0.082746
0.053906
0.0050648
0.013115
0.0064786
0.018495
0.022103
0.010573
0.045631
0.028866
0.00039797
0.0046804
0.053198
0.069401
0.081491
0.080062
0.1006
0.077566
0.14312
0.16585
0.14094
0.10149
0.088371
0.1217
0.12206
0.0071196
0.087244
0.1207
0.085921
0.02599
0.028209
0.071714
0.064169
0.067377
0.042139
0.014004
0.033687
0.013688
0.014412
0.014068
0.020461
0.036307
0.065488
0.0473
0.021866
0.018271
0.0036384
0.03812
0.06596
0.057838
0.029314
0.056118
0.055374
0.018865
0.0099696
0.01746
0.036285
0.049145
0.038216
0.037258
0.041081
0.017833
