"avg(slip)"
0
0
0
1.6686e-65
4.9247e-44
2.3848e-34
2.2563e-28
1.3121e-24
1.3349e-22
6.4946e-19
1.2967e-17
5.3675e-15
1.9431e-13
2.8632e-12
1.006e-09
4.5971e-09
4.2207e-07
9.1177e-06
2.957e-05
2.6692e-05
0.00020122
0.00069382
0.0015759
0.003085
0.0039016
0.013138
0.04413
0.098377
0.17429
0.26179
0.34095
0.40666
0.46523
0.51979
0.57136
0.62051
0.66761
0.71319
0.75747
0.80008
0.8419
0.88287
0.92344
0.96328
1.0022
1.0403
1.0782
1.1149
1.1503
1.1822
1.2085
1.2291
1.2449
1.2539
1.2548
1.2534
1.255
1.2623
1.277
1.2955
1.3132
1.3286
1.343
1.3572
1.3707
1.3856
1.3993
1.4094
1.4203
1.4326
1.4419
1.45
1.459
1.4667
1.4748
1.4836
1.4938
1.5041
1.5141
1.5261
1.5394
1.5514
1.5606
1.5685
1.5773
1.5861
1.5905
1.5896
1.5835
1.5768
1.5713
1.5662
1.5596
1.5525
1.5457
1.5391
1.5339
1.5283
1.5223
1.5149
1.5064
1.4993
1.4924
1.4848
1.4767
1.4691
1.4631
1.4588
1.4545
1.4473
1.4375
1.4283
1.4227
1.4198
1.4162
1.4125
1.4125
1.4137
1.411
1.4042
1.3961
