"avg(slip)"
0
0
0
0
2.72e-95
2.3842e-77
4.9387e-66
4.4106e-58
3.3166e-52
1.8521e-46
2.6368e-42
2.1326e-40
2.2118e-36
8.3394e-34
5.6871e-32
2.277e-29
2.6885e-28
1.6333e-26
1.8808e-24
1.1826e-24
5.1787e-21
2.1795e-20
7.3642e-18
1.4992e-16
3.5517e-16
7.4574e-14
6.2271e-13
2.8737e-11
6.6389e-10
4.1608e-09
4.544e-07
4.0579e-06
8.3999e-06
3.155e-05
0.00018759
0.00052159
0.0010997
0.0018896
0.0028403
0.0039887
0.0053012
0.007098
0.0097457
0.013879
0.019838
0.027998
0.03697
0.051044
0.079624
0.11739
0.15823
0.20125
0.24633
0.29251
0.33851
0.38239
0.42456
0.46426
0.49708
0.52251
0.54231
0.55946
0.57679
0.59496
0.61545
0.64131
0.67514
0.70859
0.735
0.75525
0.77317
0.78974
0.80528
0.81984
0.83408
0.84735
0.86031
0.8735
0.88544
0.89625
0.90811
0.92022
0.93117
0.94057
0.95045
0.96037
0.96984
0.97816
0.986
0.99423
1.0011
1.0047
1.006
1.0038
1.0013
1.0002
0.9989
0.99637
0.99293
0.98993
0.98659
0.9823
0.97789
0.97452
0.97211
0.96826
0.96336
0.95761
0.95223
0.94807
0.94441
0.94014
0.93382
0.92676
0.91898
0.9103
0.90222
0.89589
0.89126
0.88866
0.88583
