"avg(slip)"
0
0
0
2.4639e-77
6.2081e-49
3.8023e-38
2.8106e-29
4.3843e-23
2.4057e-18
7.9249e-15
7.5788e-12
1.8291e-09
1.0611e-07
1.2458e-06
8.4526e-06
4.8105e-05
0.00016204
0.00045617
0.0010338
0.0020049
0.0034751
0.005365
0.0073269
0.0098257
0.014202
0.04725
0.16133
0.33572
0.49077
0.61513
0.71998
0.81371
0.9042
0.98959
1.0719
1.1506
1.2253
1.2942
1.3551
1.4105
1.4635
1.5099
1.553
1.5945
1.6258
1.6484
1.6696
1.6882
1.7062
1.7261
1.7441
1.7618
1.7797
1.797
1.8138
1.8268
1.8337
1.8389
1.8407
1.8392
1.8369
1.8361
1.8366
1.839
1.8444
1.8452
1.8488
1.8535
1.8604
1.8674
1.8703
1.8746
1.8874
1.9025
1.9148
1.9208
1.9219
1.9191
1.9169
1.911
1.9021
1.895
1.8928
1.8907
1.8925
1.8953
1.894
1.8938
1.8943
1.895
1.8973
1.8957
1.8903
1.8877
1.8858
1.8835
1.8801
1.88
1.8792
1.8762
1.873
1.8726
1.8719
1.8694
1.8664
1.863
1.859
1.8543
1.8486
1.8452
1.842
1.8392
1.8406
1.8429
1.8378
1.8315
1.8302
1.8284
1.8217
1.8148
1.8096
