"avg(slip)"
0
0
0
0.0024041
0.020631
0.056929
0.10769
0.15843
0.20774
0.25553
0.30318
0.34968
0.39564
0.44096
0.48532
0.52915
0.57192
0.61404
0.65492
0.69479
0.73402
0.77436
0.81662
0.85983
0.90349
0.948
0.99427
1.0436
1.0946
1.147
1.2008
1.2554
1.3115
1.3682
1.4255
1.4826
1.5406
1.5983
1.6542
1.6964
1.7281
1.7606
1.7926
1.8217
1.8462
1.8664
1.8786
1.8827
1.881
1.8764
1.8717
1.8693
1.8707
1.8766
1.8858
1.8957
1.9069
1.9199
1.9282
1.9375
1.9443
1.947
1.9477
1.9482
1.9464
1.9471
1.9484
1.9515
1.9553
1.9569
1.9564
1.9597
1.9658
1.9736
1.9816
1.9908
1.9996
2.0101
2.0266
2.0418
2.0539
2.063
2.0733
2.0864
2.0931
2.0883
2.0773
2.0666
2.0612
2.0593
2.0539
2.0469
2.0404
2.0347
2.0323
2.0299
2.0274
2.0261
2.0248
2.0228
2.0206
2.0147
2.0093
2.0055
2.0057
2.0072
2.0054
1.9999
1.9934
1.9893
1.9853
1.9792
1.9756
1.9744
1.9731
1.9704
1.966
1.9615
1.958
1.9538
1.9509
