"avg(slip rate)"
0
0
0
4.9278e-75
1.0298e-46
3.5685e-36
3.1721e-27
4.0794e-21
1.7518e-16
5.0689e-13
4.023e-10
7.8869e-08
3.2222e-06
2.1999e-05
0.00016877
0.00062225
0.0018424
0.004092
0.0074362
0.011916
0.017202
0.019617
0.020514
0.033375
0.05167
0.68213
1.5156
1.7726
1.3723
1.1482
0.98173
0.91654
0.86737
0.85093
0.81703
0.76466
0.73905
0.63729
0.57559
0.56135
0.48613
0.45188
0.41956
0.40398
0.23582
0.23857
0.18439
0.18261
0.1898
0.19487
0.17117
0.186
0.18001
0.16643
0.1653
0.094677
0.057265
0.040224
0.0034972
0.017183
0.029989
0.01142
0.00052927
0.052787
0.033931
0.0068139
0.050218
0.051221
0.083275
0.046452
0.02346
0.077601
0.15701
0.14185
0.095097
0.038241
0.017655
0.02639
0.028829
0.083384
0.087209
0.045984
0.017034
0.0094499
0.034041
0.0093879
0.015637
0.0047799
0.0024597
0.018686
0.014715
0.047618
0.040413
0.023421
0.012357
0.038573
0.016561
0.0023204
0.019585
0.035712
0.021521
0.0030807
0.018037
0.027203
0.032069
0.037621
0.040651
0.056794
0.047977
0.02651
0.037562
0.011664
0.033567
0.006449
0.077026
0.038535
0.00011505
0.045312
0.073314
0.064365
0.038964
