"max(slip rate)"
0
0
0
3.3338e-63
7.5531e-42
2.7922e-32
1.8578e-26
1.1917e-22
5.7398e-20
6.4446e-17
3.0529e-15
3.731e-13
1.4633e-12
2.289e-10
3.3863e-08
1.4721e-08
1.6439e-05
0.00018804
1.3683e-05
0.00095895
0.0032292
0.0058524
0.012671
0.014315
0.0075462
0.20498
0.41656
0.65968
0.82972
0.87035
0.71159
0.62546
0.57038
0.52997
0.5056
0.47908
0.46619
0.45215
0.43167
0.42064
0.41652
0.40948
0.39953
0.39676
0.38511
0.37844
0.3737
0.36402
0.33962
0.29766
0.23263
0.18269
0.13284
0.048467
0.013827
0.0062339
0.03866
0.10893
0.17514
0.18654
0.16478
0.14658
0.14497
0.13527
0.14185
0.15085
0.11761
0.097251
0.12034
0.11578
0.077933
0.088358
0.084756
0.074852
0.085048
0.093851
0.1064
0.098553
0.10613
0.13086
0.13128
0.10639
0.08182
0.08013
0.094951
0.07162
0.019649
0.037094
0.071765
0.060893
0.048569
0.057177
0.07305
0.06784
0.070402
0.057851
0.051086
0.059667
0.062388
0.08383
0.07986
0.065642
0.074057
0.080641
0.080557
0.069499
0.051991
0.037106
0.055078
0.08724
0.10088
0.076472
0.038892
0.028241
0.042423
0.023892
0.018493
0.0036772
0.048995
0.081546
0.069163
