"avg(slip rate)"
0
0
0
0
5.1082e-93
3.8058e-75
6.5466e-64
4.7478e-56
3.9114e-50
1.5819e-44
1.7644e-40
7.0538e-38
9.35e-35
4.5403e-32
1.7861e-30
1.109e-27
2.1809e-26
9.9339e-25
1.0438e-23
7.9562e-22
1.8618e-19
1.8358e-18
1.8798e-16
6.5256e-15
6.3311e-14
1.3622e-12
1.2385e-11
7.6354e-10
2.6212e-08
4.2269e-07
1.232e-05
6.2221e-05
4.204e-05
0.00085403
0.002276
0.0044464
0.006924
0.0086524
0.010429
0.012226
0.014558
0.021572
0.031876
0.050794
0.067883
0.090972
0.096501
0.20045
0.34356
0.39521
0.41317
0.44393
0.45914
0.46378
0.45121
0.43189
0.41573
0.37307
0.28353
0.22668
0.18194
0.16616
0.17721
0.18945
0.22438
0.29502
0.35193
0.31103
0.22572
0.18572
0.17412
0.16058
0.14846
0.14614
0.13699
0.12924
0.13202
0.12892
0.11032
0.11138
0.12319
0.1176
0.099694
0.094501
0.10043
0.098302
0.089512
0.079111
0.080083
0.080439
0.053338
0.025752
0.0038593
0.03097
0.017226
0.0083066
0.019351
0.030623
0.03452
0.027665
0.039928
0.043952
0.04247
0.0249
0.02892
0.045377
0.052511
0.059936
0.046337
0.039086
0.035348
0.053078
0.06893
0.072572
0.083257
0.087183
0.072906
0.055512
0.036196
0.020805
0.040976
