0.000000000000000000e+00
2.499999999999999792e-02
5.000000000000000971e-02
7.500000000000002498e-02
1.000000000000000472e-01
1.250000000000000555e-01
1.500000000000000777e-01
1.750000000000000999e-01
2.000000000000001221e-01
2.250000000000001443e-01
2.500000000000001665e-01
2.750000000000001887e-01
3.000000000000002109e-01
3.250000000000002331e-01
3.500000000000002554e-01
3.750000000000002776e-01
4.000000000000002998e-01
4.250000000000003220e-01
4.500000000000003442e-01
4.750000000000003664e-01
5.000000000000003331e-01
5.249999999999998002e-01
5.499999999999992673e-01
5.749999999999987343e-01
5.999999999999982014e-01
6.249999999999976685e-01
6.499999999999971356e-01
6.749999999999966027e-01
6.999999999999960698e-01
7.249999999999955369e-01
7.499999999999950040e-01
7.749999999999944711e-01
7.999999999999939382e-01
8.249999999999934053e-01
8.499999999999928724e-01
8.749999999999923395e-01
8.999999999999918066e-01
9.249999999999912736e-01
9.499999999999907407e-01
9.749999999999902078e-01
9.999999999999896749e-01
1.024999999999989253e+00
1.049999999999988720e+00
1.074999999999988187e+00
1.099999999999987654e+00
1.124999999999987121e+00
1.149999999999986589e+00
1.174999999999986056e+00
1.199999999999985523e+00
1.224999999999984990e+00
1.249999999999984457e+00
1.274999999999983924e+00
1.299999999999983391e+00
1.324999999999982858e+00
1.349999999999982325e+00
1.374999999999981792e+00
1.399999999999981259e+00
1.424999999999980727e+00
1.449999999999980194e+00
1.474999999999979661e+00
1.499999999999979128e+00
1.524999999999978595e+00
1.549999999999978062e+00
1.574999999999977529e+00
1.599999999999976996e+00
1.624999999999976463e+00
1.649999999999975930e+00
1.674999999999975397e+00
1.699999999999974865e+00
1.724999999999974332e+00
1.749999999999973799e+00
1.774999999999973266e+00
1.799999999999972733e+00
1.824999999999972200e+00
1.849999999999971667e+00
1.874999999999971134e+00
1.899999999999970601e+00
1.924999999999970068e+00
1.949999999999969535e+00
1.974999999999969003e+00
1.999999999999968470e+00
2.024999999999967937e+00
2.049999999999967404e+00
2.074999999999966871e+00
2.099999999999966338e+00
2.124999999999965805e+00
2.149999999999965272e+00
2.174999999999964739e+00
2.199999999999964206e+00
2.224999999999963674e+00
2.249999999999963141e+00
2.274999999999962608e+00
2.299999999999962075e+00
2.324999999999961542e+00
2.349999999999961009e+00
2.374999999999960476e+00
2.399999999999959943e+00
2.424999999999959410e+00
2.449999999999958877e+00
2.474999999999958344e+00
2.499999999999957812e+00
2.524999999999957279e+00
2.549999999999956746e+00
2.574999999999956213e+00
2.599999999999955680e+00
2.624999999999955147e+00
2.649999999999954614e+00
2.674999999999954081e+00
2.699999999999953548e+00
2.724999999999953015e+00
2.749999999999952482e+00
2.774999999999951950e+00
2.799999999999951417e+00
2.824999999999950884e+00
2.849999999999950351e+00
2.874999999999949818e+00
2.899999999999949285e+00
2.924999999999948752e+00
2.949999999999948219e+00
2.974999999999947686e+00
2.999999999999947153e+00
3.024999999999946620e+00
3.049999999999946088e+00
3.074999999999945555e+00
3.099999999999945022e+00
3.124999999999944489e+00
3.149999999999943956e+00
3.174999999999943423e+00
3.199999999999942890e+00
3.224999999999942357e+00
3.249999999999941824e+00
3.274999999999941291e+00
3.299999999999940758e+00
3.324999999999940226e+00
3.349999999999939693e+00
3.374999999999939160e+00
3.399999999999938627e+00
3.424999999999938094e+00
3.449999999999937561e+00
3.474999999999937028e+00
3.499999999999936495e+00
3.524999999999935962e+00
3.549999999999935429e+00
3.574999999999934897e+00
3.599999999999934364e+00
3.624999999999933831e+00
3.649999999999933298e+00
3.674999999999932765e+00
3.699999999999932232e+00
3.724999999999931699e+00
3.749999999999931166e+00
3.774999999999930633e+00
3.799999999999930100e+00
3.824999999999929567e+00
3.849999999999929035e+00
3.874999999999928502e+00
3.899999999999927969e+00
3.924999999999927436e+00
3.949999999999926903e+00
3.974999999999926370e+00
3.999999999999925837e+00
4.024999999999929301e+00
4.049999999999933209e+00
4.074999999999937117e+00
4.099999999999941025e+00
4.124999999999944933e+00
4.149999999999948841e+00
4.174999999999952749e+00
4.199999999999956657e+00
4.224999999999960565e+00
4.249999999999964473e+00
4.274999999999968381e+00
4.299999999999972289e+00
4.324999999999976197e+00
4.349999999999980105e+00
4.374999999999984013e+00
4.399999999999987921e+00
4.424999999999991829e+00
4.449999999999995737e+00
4.474999999999999645e+00
4.500000000000003553e+00
4.525000000000007461e+00
4.550000000000011369e+00
4.575000000000015277e+00
4.600000000000019185e+00
4.625000000000023093e+00
4.650000000000027001e+00
4.675000000000030909e+00
4.700000000000034817e+00
4.725000000000038725e+00
4.750000000000042633e+00
4.775000000000046541e+00
4.800000000000050449e+00
4.825000000000054357e+00
4.850000000000058265e+00
4.875000000000062172e+00
4.900000000000066080e+00
4.925000000000069988e+00
4.950000000000073896e+00
4.975000000000077804e+00
5.000000000000081712e+00
5.025000000000085620e+00
5.050000000000089528e+00
5.075000000000093436e+00
5.100000000000097344e+00
5.125000000000101252e+00
5.150000000000105160e+00
5.175000000000109068e+00
5.200000000000112976e+00
5.225000000000116884e+00
5.250000000000120792e+00
5.275000000000124700e+00
5.300000000000128608e+00
5.325000000000132516e+00
5.350000000000136424e+00
5.375000000000140332e+00
5.400000000000144240e+00
5.425000000000148148e+00
5.450000000000152056e+00
5.475000000000155964e+00
5.500000000000159872e+00
5.525000000000163780e+00
5.550000000000167688e+00
5.575000000000171596e+00
5.600000000000175504e+00
5.625000000000179412e+00
5.650000000000183320e+00
5.675000000000187228e+00
5.700000000000191136e+00
5.725000000000195044e+00
5.750000000000198952e+00
5.775000000000202860e+00
5.800000000000206768e+00
5.825000000000210676e+00
5.850000000000214584e+00
5.875000000000218492e+00
5.900000000000222400e+00
5.925000000000226308e+00
5.950000000000230216e+00
5.975000000000234124e+00
6.000000000000238032e+00
6.025000000000241940e+00
6.050000000000245848e+00
6.075000000000249756e+00
6.100000000000253664e+00
6.125000000000257572e+00
6.150000000000261480e+00
6.175000000000265388e+00
6.200000000000269296e+00
6.225000000000273204e+00
6.250000000000277112e+00
6.275000000000281020e+00
6.300000000000284928e+00
6.325000000000288836e+00
6.350000000000292744e+00
6.375000000000296652e+00
6.400000000000300560e+00
6.425000000000304468e+00
6.450000000000308376e+00
6.475000000000312284e+00
6.500000000000316192e+00
6.525000000000320100e+00
6.550000000000324007e+00
6.575000000000327915e+00
6.600000000000331823e+00
6.625000000000335731e+00
6.650000000000339639e+00
6.675000000000343547e+00
6.700000000000347455e+00
6.725000000000351363e+00
6.750000000000355271e+00
6.775000000000359179e+00
6.800000000000363087e+00
6.825000000000366995e+00
6.850000000000370903e+00
6.875000000000374811e+00
6.900000000000378719e+00
6.925000000000382627e+00
6.950000000000386535e+00
6.975000000000390443e+00
7.000000000000394351e+00
7.025000000000398259e+00
7.050000000000402167e+00
7.075000000000406075e+00
7.100000000000409983e+00
7.125000000000413891e+00
7.150000000000417799e+00
7.175000000000421707e+00
7.200000000000425615e+00
7.225000000000429523e+00
7.250000000000433431e+00
7.275000000000437339e+00
7.300000000000441247e+00
7.325000000000445155e+00
7.350000000000449063e+00
7.375000000000452971e+00
7.400000000000456879e+00
7.425000000000460787e+00
7.450000000000464695e+00
7.475000000000468603e+00
7.500000000000472511e+00
7.525000000000476419e+00
7.550000000000480327e+00
7.575000000000484235e+00
7.600000000000488143e+00
7.625000000000492051e+00
7.650000000000495959e+00
7.675000000000499867e+00
7.700000000000503775e+00
7.725000000000507683e+00
7.750000000000511591e+00
7.775000000000515499e+00
7.800000000000519407e+00
7.825000000000523315e+00
7.850000000000527223e+00
7.875000000000531131e+00
7.900000000000535039e+00
7.925000000000538947e+00
7.950000000000542855e+00
7.975000000000546763e+00
8.000000000000550671e+00
8.025000000000545697e+00
8.050000000000540723e+00
8.075000000000535749e+00
8.100000000000530775e+00
8.125000000000525802e+00
8.150000000000520828e+00
8.175000000000515854e+00
8.200000000000510880e+00
8.225000000000505906e+00
8.250000000000500933e+00
8.275000000000495959e+00
8.300000000000490985e+00
8.325000000000486011e+00
8.350000000000481037e+00
8.375000000000476064e+00
8.400000000000471090e+00
8.425000000000466116e+00
8.450000000000461142e+00
8.475000000000456168e+00
8.500000000000451195e+00
8.525000000000446221e+00
8.550000000000441247e+00
8.575000000000436273e+00
8.600000000000431299e+00
8.625000000000426326e+00
8.650000000000421352e+00
8.675000000000416378e+00
8.700000000000411404e+00
8.725000000000406430e+00
8.750000000000401457e+00
8.775000000000396483e+00
8.800000000000391509e+00
8.825000000000386535e+00
8.850000000000381561e+00
8.875000000000376588e+00
8.900000000000371614e+00
8.925000000000366640e+00
8.950000000000361666e+00
8.975000000000356692e+00
9.000000000000351719e+00
9.025000000000346745e+00
9.050000000000341771e+00
9.075000000000336797e+00
9.100000000000331823e+00
9.125000000000326850e+00
9.150000000000321876e+00
9.175000000000316902e+00
9.200000000000311928e+00
9.225000000000306954e+00
9.250000000000301981e+00
9.275000000000297007e+00
9.300000000000292033e+00
9.325000000000287059e+00
9.350000000000282085e+00
9.375000000000277112e+00
9.400000000000272138e+00
9.425000000000267164e+00
9.450000000000262190e+00
9.475000000000257216e+00
9.500000000000252243e+00
9.525000000000247269e+00
9.550000000000242295e+00
9.575000000000237321e+00
9.600000000000232347e+00
9.625000000000227374e+00
9.650000000000222400e+00
9.675000000000217426e+00
9.700000000000212452e+00
9.725000000000207478e+00
9.750000000000202505e+00
9.775000000000197531e+00
9.800000000000192557e+00
9.825000000000187583e+00
9.850000000000182609e+00
9.875000000000177636e+00
9.900000000000172662e+00
9.925000000000167688e+00
9.950000000000162714e+00
9.975000000000157740e+00
1.000000000000015277e+01
1.002500000000014779e+01
1.005000000000014282e+01
1.007500000000013785e+01
1.010000000000013287e+01
1.012500000000012790e+01
1.015000000000012292e+01
1.017500000000011795e+01
1.020000000000011298e+01
1.022500000000010800e+01
1.025000000000010303e+01
1.027500000000009805e+01
1.030000000000009308e+01
1.032500000000008811e+01
1.035000000000008313e+01
1.037500000000007816e+01
1.040000000000007319e+01
1.042500000000006821e+01
1.045000000000006324e+01
1.047500000000005826e+01
1.050000000000005329e+01
1.052500000000004832e+01
1.055000000000004334e+01
1.057500000000003837e+01
1.060000000000003340e+01
1.062500000000002842e+01
1.065000000000002345e+01
1.067500000000001847e+01
1.070000000000001350e+01
1.072500000000000853e+01
1.075000000000000355e+01
1.077499999999999858e+01
1.079999999999999361e+01
1.082499999999998863e+01
1.084999999999998366e+01
1.087499999999997868e+01
1.089999999999997371e+01
1.092499999999996874e+01
1.094999999999996376e+01
1.097499999999995879e+01
1.099999999999995381e+01
1.102499999999994884e+01
1.104999999999994387e+01
1.107499999999993889e+01
1.109999999999993392e+01
1.112499999999992895e+01
1.114999999999992397e+01
1.117499999999991900e+01
1.119999999999991402e+01
1.122499999999990905e+01
1.124999999999990408e+01
1.127499999999989910e+01
1.129999999999989413e+01
1.132499999999988916e+01
1.134999999999988418e+01
1.137499999999987921e+01
1.139999999999987423e+01
1.142499999999986926e+01
1.144999999999986429e+01
1.147499999999985931e+01
1.149999999999985434e+01
1.152499999999984936e+01
1.154999999999984439e+01
1.157499999999983942e+01
1.159999999999983444e+01
1.162499999999982947e+01
1.164999999999982450e+01
1.167499999999981952e+01
1.169999999999981455e+01
1.172499999999980957e+01
1.174999999999980460e+01
1.177499999999979963e+01
1.179999999999979465e+01
1.182499999999978968e+01
1.184999999999978471e+01
1.187499999999977973e+01
1.189999999999977476e+01
1.192499999999976978e+01
1.194999999999976481e+01
1.197499999999975984e+01
1.199999999999975486e+01
