2.068510606388235544e+02 6.121409307915996578e+01
-1.338363950663884134e+04 6.730207533431629940e+01
3.887693341981610473e+01 5.908385722184197419e+01
-6.450573870911070117e+03 3.568473618279080029e+01
-8.901369268390631987e+03 6.928863028268567348e+01
8.152343335230722914e+03 3.465241733146330461e+01
7.162958601219041157e+03 3.503879985300530109e+01
-8.048285262953398160e+03 3.457606767083206734e+01
-1.145765075657521265e+04 3.413883979444296557e+01
2.525620450338963110e+02 3.196820228793192697e+01
4.563993056998087013e+03 3.275743542613574277e+01
-8.956052511447434881e+03 3.536012557100760034e+01
1.009065755801521300e+04 6.986302904101927425e+01
1.653291709043970513e+03 3.458433822120023393e+01
7.121972601520751596e+03 6.700845910689649543e+01
3.448386039623362649e+03 3.790012433906533573e+01
-5.042992692513999486e+02 5.971981897820714380e+01
4.524700087990031534e+03 6.216780049563626420e+01
1.004153184398632038e+04 3.407715826358673183e+01
-1.932725362242439587e+03 3.179134168316432252e+01
8.753699239947489332e+03 3.462702012462020207e+01
1.459573329782072904e+02 1.346368684709859842e+01
-1.471980465222989096e+02 3.515847849109230339e+01
-1.298322055294271377e+04 7.540371443048930189e+01
3.501501803780733553e+03 6.802966669042814374e+01
6.587868876176175945e+03 6.619592421404364302e+01
-1.963772801031876043e+03 6.658169323282382379e+01
9.356655454783871392e+03 3.353658598579979611e+01
-1.141213033521047146e+04 6.546102987284729124e+01
-5.947393910132756901e+03 3.429573872727673489e+01
-8.352956115408245751e+03 6.473687785076054979e+01
9.308509747787187735e+03 6.615488930600378126e+01
9.979459903037719414e+03 6.710115002167485443e+01
4.921732855595324509e+03 5.996978221119227470e+01
-1.327006776253838325e+04 6.062637280591124522e+01
-1.982637857088520832e+02 6.556895888174256015e+01
4.963698057530058577e+03 3.127938868011469609e+01
-5.245834136589735863e+03 3.322435891302831834e+01
6.246497914994129133e+03 6.820013787993678989e+01
-1.026050326836021304e+04 3.321818198621721052e+01
-8.329443421879019297e+03 2.478773841604360939e+01
-1.589238416616449285e+03 5.691212495889521961e+01
9.937928059039404616e+03 3.302399175808810838e+01
4.169919326572457067e+03 6.480065406915259985e+01
-8.094820797527122522e+03 5.876217071958435412e+01
8.099121993801160897e+03 6.690819143870574237e+01
8.202760801897431520e+03 5.554014974565808416e+01
1.020186709632142993e+04 6.032819456271948866e+01
5.487403791090727054e+02 3.616538190598706848e+01
1.601996152532678934e+03 6.422601973641361894e+01
-1.021693557644249267e+04 6.221947035961312622e+01
1.175652029136584497e+04 3.151302292896179225e+01
-1.323234921286583995e+04 2.714172571682344426e+01
4.133732813988510316e+03 3.038774538020359728e+01
-6.499578706800304644e+03 6.052449490981939562e+01
8.700998329503570858e+03 6.689854068338108561e+01
6.699959701376064004e+03 5.804158913645088091e+01
2.358789242851105882e+03 3.334742591313020199e+01
6.648415646863148140e+03 3.367422754075466429e+01
-1.185474066974030575e+04 3.228642673083725612e+01
1.014912571401750029e+04 3.578587077743253531e+01
-6.088347628416495354e+02 6.444437197366647752e+01
-1.333771854967272338e+04 3.348464708908780096e+01
-9.253574925731345502e+03 3.288996597982518466e+01
-6.567298894567830985e+02 3.441320971480466540e+01
-5.290377599834612738e+03 5.835828872838337844e+01
-5.993135274511184434e+03 5.946719015069473357e+01
-8.407614734479737308e+03 6.385664676909359372e+01
6.194416395566627216e+03 7.243677192935571441e+01
2.315790325391562874e+03 6.679260698568509724e+01
6.474718910131400662e+03 6.226082629301717475e+01
-1.294131153743538562e+04 3.380205156251769694e+01
-1.180392059069661445e+04 6.174777579303779618e+01
-1.287932788548073768e+04 6.514120668301926287e+01
5.459764960465005970e+03 3.145280629348076218e+01
4.031726988630548931e+03 2.658333193670689809e+01
-1.469925654762974591e+04 5.252612047321224509e+01
6.539453229292801552e+03 3.252169667328897162e+01
4.065459802635215510e+03 5.697107731691048826e+01
-2.774528093551698930e+03 6.876880047786136174e+01
1.171001935783969930e+04 6.370515821797315681e+01
-1.095992107451014999e+04 3.077711958313315677e+01
8.804636128996513435e+03 5.534117963511773297e+01
-1.316568254619917570e+04 2.714172571682344426e+01
5.416129909335528282e+03 6.070853111044787198e+01
-5.521048733848264192e+02 3.003116225886181567e+01
-2.825696573829196495e+03 6.499239476813254157e+01
3.049261542103267857e+02 5.496265906465078643e+01
-9.202564525787995080e+03 6.098209930103183751e+01
6.048829899124107214e+03 3.082114960767708212e+01
9.876499100937284311e+03 6.198087458518870108e+01
-6.695362312211999779e+03 5.330137327882459175e+01
9.838571041885286832e+03 2.895688282710059624e+01
-1.312905418439487403e+04 5.263704634330209586e+01
-1.749033613506656366e+03 3.489477730343863726e+01
-2.058619049321200691e+03 2.729259113199482556e+01
6.435265680818531109e+03 2.973912961972820312e+01
-1.091544343557063985e+04 5.781965100486399223e+01
2.210470897095809505e+03 6.842247485528612572e+01
-2.447286422166002012e+03 3.428533915599756909e+01
1.120200630151000769e+04 5.126098431538785150e+01
-1.303861398703655868e+04 6.709698349445024235e+01
1.060318595706230553e+04 5.210573306779136971e+01
-7.449973475406569378e+03 3.207907692878186623e+01
-1.600857735689952642e+04 6.365971721208432399e+01
6.369712193467349607e+03 5.488720757924482996e+01
3.392536646276441843e+03 6.859356931647944577e+01
-1.283801634804555943e+04 3.133915512050156948e+01
3.925726951121627280e+03 5.587103471470184246e+01
7.059014000280690198e+03 3.196965925389119434e+01
-6.400778139745067165e+03 6.406198070224253627e+01
6.334446512628907840e+03 2.514807795951662328e+01
-1.590438464276011655e+04 6.022816058947961437e+01
-1.464789459896797962e+04 3.114807319523071172e+01
-1.344592095696629076e+04 3.381742824522849844e+01
6.267779845962347281e+03 2.514807795951662328e+01
1.160571646009620417e+04 6.268826583452249679e+01
-6.648493440250891581e+03 3.133913069040820076e+01
2.257001082533774024e+03 3.344518107255490236e+01
-1.543478574502252968e+03 2.913613196356154234e+01
-1.378967220063251989e+04 5.488976325419827162e+01
4.460707030975041562e+03 2.941036506950051788e+01
-7.993607114274876949e+03 6.243410822707007668e+01
3.553115764144241894e+03 3.012954235136281511e+01
5.997167214923160827e+03 6.026862503236867497e+01
-1.277390511996037094e+04 5.944385722961556695e+01
7.015429651866029417e+03 6.073289177448947385e+01
-1.349662802656392341e+04 6.733923119350949094e+01
8.647299089536298197e+03 3.227152055876087644e+01
2.102834506606126524e+03 6.562784138110247056e+01
-6.876541690265395118e+03 6.901585531205552115e+01
4.418092983708228530e+03 5.487484174333024356e+01
-2.022999821443974497e+03 6.208294268165432328e+01
5.982726081572028534e+02 5.955647213681367447e+01
-9.816784750006725346e+01 5.998472780819577110e+01
8.046778658547892519e+03 3.225577410724243776e+01
2.153469814555890025e+03 3.497729378273123046e+01
1.165349906647205353e+04 3.219213528901136101e+01
1.703431303451938902e+03 5.744504147209462275e+01
-7.497741642780885741e+03 5.419909464755772888e+01
-1.267633748145523896e+04 5.533095629968077134e+01
9.199819658151312979e+03 6.235762068121036350e+01
-4.354920110573046259e+03 2.970989216448893089e+01
-1.273588877191502797e+04 2.810470210911400102e+01
9.251854292987127337e+03 3.261830332020397805e+01
-1.264044870954043290e+04 2.722625419056676677e+01
-4.309644187655064343e+03 5.290129317848328583e+01
4.976150878720155220e+02 5.712490142857453890e+01
-1.135447957863556258e+04 3.132219007840431857e+01
3.604985917435358715e+03 5.503178975688484087e+01
-2.510657391865410375e+02 3.041048039065025321e+01
3.965060321964196646e+03 2.658333193670689809e+01
-7.678001151132793893e+03 6.903408430082747316e+01
-1.130505565630952151e+04 5.802581436215590571e+01
-2.500100699040522159e+03 5.952539779051389246e+01
9.093981293687365905e+03 5.748928643659473181e+01
1.155221739362174958e+04 3.049613054551113933e+01
-3.025821556823986612e+03 6.652864185753664117e+01
-3.016425955282226141e+02 5.902314864014627460e+01
1.255395714681269737e+03 2.990261452398369002e+01
-1.595370756169045308e+04 3.101654021846146847e+01
2.049364692044609455e+03 3.065054759837122944e+01
-2.299228945959983776e+03 5.368450229555403297e+01
1.669130152496334745e+02 4.270957763832663545e+01
1.999212385262212592e+03 6.092660043855862995e+01
-1.394702638235154336e+04 3.155286618214607941e+01
-1.400047118841416705e+04 6.434214838808885872e+01
6.908766370575161091e+03 5.410646967748514413e+01
-1.015643230808266708e+04 2.900128837339591925e+01
5.356364948852194175e+03 2.925572481696710625e+01
3.344150606640487240e+03 3.069344497741412070e+01
-8.599366873226790631e+03 4.731478039239397049e+01
-1.355070706959779818e+04 3.352180294828099960e+01
5.310015322521598137e+03 5.485223392472598647e+01
4.858034798047728145e+03 2.869039353107758572e+01
1.204935529234125852e+03 5.459760363347834300e+01
-7.731815497603561198e+03 6.631474969030570321e+01
-5.893233850550840543e+03 6.117579797971482236e+01
4.810563818299815466e+03 5.300213433078345560e+01
-9.482731530534359763e+02 3.110388200561527938e+01
-6.840736285033909553e+03 2.911260078762975922e+01
2.653312187213502966e+03 3.022862423461316084e+01
-1.011433177464146684e+04 5.329374383550247529e+01
8.595345905154572392e+03 6.190576639444544327e+01
-1.405344480606275647e+04 3.278928220594278287e+01
-2.980773747488270146e+03 5.909825857898932355e+01
-1.306337163819588932e+04 2.549532062647865516e+01
1.949847693212440618e+03 3.027605284018740051e+01
-2.250218615871576276e+03 3.030932083272975675e+01
-4.502374307183175006e+03 4.955863890171156783e+01
-8.549971081100457013e+03 2.894958617535177936e+01
-1.694793455620859277e+03 6.267077029877231098e+01
7.993765850540999054e+03 6.206948953756636911e+01
-9.846896454059527969e+03 2.830956282327336382e+01
1.896556785110202327e+03 6.267929469683699040e+01
1.065249969984042946e+04 2.665906182061732821e+01
-1.001615916012090565e+03 6.098772080966453046e+01
-3.648366007376517246e+03 2.901338418584139234e+01
-7.153231410475947087e+03 2.947035609853460514e+01
-6.926352659657511140e+03 6.311193641219160355e+01
6.956415651564476320e+03 2.876323252059827951e+01
-9.316966275552568177e+00 6.027394300317951092e+01
2.601228894750961445e+03 5.617280301908308360e+01
-1.085552236106083001e+04 2.704253142173083191e+01
-3.505768563416627330e+02 2.861266824949602139e+01
-7.641165292626628798e+03 2.872314822225019881e+01
-4.552374307183176825e+03 2.859282054075522694e+01
1.150377321250547539e+04 5.874192434431576970e+01
-1.002598065662856061e+04 6.351732306943485895e+01
-1.790781792269204061e+03 6.029561930960758076e+01
-9.303833040275289022e+03 5.395959879196008302e+01
-3.698366007376516336e+03 5.039967767030543655e+01
-2.739861648692517065e+03 2.757586912363780129e+01
-9.006736287510642796e+03 5.812772278365982714e+01
-1.254111382665717429e+04 2.539996977016344815e+01
-4.027712522082296687e+02 5.830132496884134952e+01
1.180652029136612873e+04 4.830976166223240398e+01
-1.053342762958588537e+03 2.988383880404925819e+01
1.548704443484984722e+03 2.964168151521339567e+01
5.948337315779775963e+03 2.944747542469158930e+01
-3.059838493084094353e+03 2.743834456333425109e+01
-9.979041392883298613e+03 6.765098470256444330e+01
-1.081329951288864140e+04 5.060856232157453860e+01
1.846709091893000050e+03 3.240324185664959344e+01
-1.104579842852265529e+03 5.732664194749732900e+01
-7.945321851321738905e+03 2.785804055623800579e+01
-9.793017879693034047e+03 5.385687647426478719e+01
7.946987191970662934e+03 2.981371543032392779e+01
-1.190474066974030393e+04 5.182836170587933822e+01
-1.374489153488194461e+04 2.574234785150796867e+01
4.314399436967284601e+03 4.761934763038258467e+01
5.896357851990418567e+03 5.642767850004855035e+01
-2.857696795636675688e+03 2.379946341390897757e+01
1.145155581888072629e+04 2.824579379880462326e+01
-1.150845697582823959e+04 5.561329071678313340e+01
-3.449918098231902604e+03 2.829491992188529181e+01
8.548046815597888781e+03 2.963424583568457038e+01
-8.262776755212356875e+03 2.478773841604360939e+01
9.147965365147398188e+03 2.973931736100638545e+01
6.097861559011827921e+03 6.020586161661262992e+01
-5.651272673703514556e+03 3.133452446386160162e+01
7.303140152213321016e+03 4.328514639364984617e+01
9.046015928522581817e+03 2.774996907558834280e+01
-3.204699194282910412e+03 4.750703562659045787e+01
1.098480983626423040e+02 3.709985038286453829e+01
-7.761646305764104909e+03 2.600381361172844308e+01
9.407492587042623200e+03 5.315866767742164001e+01
-8.232521933811354756e+03 5.726775252018163798e+01
1.105004432690356043e+04 2.552731645783235948e+01
-1.585067708106966893e+04 2.921162037101814235e+01
-1.565003792763457750e+04 2.884491221722847243e+01
-1.539998437944127181e+04 5.745653306750504186e+01
-1.560003792763458296e+04 5.771242567671195189e+01
-1.515000000000005821e+04 2.882289203001371902e+01
-1.580089333094284666e+04 5.809605265149225062e+01
-1.520000000000004911e+04 5.742267691270787822e+01
-1.555000000000003456e+04 2.886751345948348657e+01
-1.525000000000004366e+04 2.859978488269415564e+01
-4.521943958665401624e+02 2.968865671934532813e+01
-1.504621640500620379e+04 3.410324730589866959e+01
-1.550000000000002728e+04 5.773502691895118488e+01
-1.545000000000002728e+04 2.886751345946770186e+01
-1.570025417750774614e+04 5.772934449770258425e+01
-1.509621640500620379e+04 6.292613933591238862e+01
-1.575021624987319046e+04 2.888443228047411182e+01
-1.534998437944128273e+04 2.858901960803733644e+01
-1.529998437944128091e+04 5.718880449073149208e+01
-1.067811688528641207e+04 6.327848998046030005e+01
4.357385952716441352e+03 2.546447667382972213e+01
-3.251436793456892701e+03 2.743130589908420447e+01
-1.389180704810212228e+04 6.070028158483639658e+01
1.140328917117750279e+04 5.465771160681324403e+01
8.496741964347125986e+02 2.867950419004499807e+01
-5.189550671876737397e+03 5.856487320799282514e+01
-1.410387974177495380e+04 5.168292739166073346e+01
7.483004839765203542e+02 3.017133511615802277e+01
-1.151237079893604687e+03 2.744280314344807081e+01
-1.250750885706270083e+03 2.670186670076745017e+01
-3.949999999999738066e+03 2.886751345947918423e+01
-3.845815751659756643e+03 3.135575276023118363e+01
-8.845316756943670043e+03 3.392850471167806603e+01
2.946474957737160821e+03 2.781778376064486125e+01
3.051218313522347216e+03 3.484802683475066232e+01
3.154015589348110097e+03 2.713530567030877094e+01
-1.174917992095658519e+04 2.946134906220054361e+01
-1.225331077211872798e+04 3.375766283844892968e+01
-1.235475095493911613e+04 2.574920582983884287e+01
-7.104564762113357574e+03 5.524324497370641751e+01
9.548103231271436016e+03 2.446976633938803047e+01
9.650078037675706582e+03 2.673706900192563651e+01
-4.750585918093233886e+03 2.759388058294084090e+01
1.095075011697089030e+04 2.861342547398663427e+01
7.979746804133111482e+02 5.885083930620302084e+01
-1.435000000000013642e+04 2.886751345939262592e+01
-3.400067188631386216e+03 4.776189626179198200e+01
-1.445076329015273041e+04 2.876612026811761780e+01
-6.159889552991811797e+03 2.354851255379130848e+01
1.100906142452023460e+03 4.405919457172657161e+01
-1.384478066575071898e+04 2.914741540269031006e+01
-1.359992539532077353e+04 5.492236638941795235e+01
-7.397401422044321407e+03 5.787397199976773976e+01
-6.130837746548877476e+03 6.058690241963537204e+01
-1.201987965599952986e+03 5.414466984421551388e+01
-3.895815751659753005e+03 6.022326621971037497e+01
2.997693271269950401e+03 6.266581059539552712e+01
3.105233902881437189e+03 6.198333250505944392e+01
1.075365563539009054e+04 2.817682355625964874e+01
-6.350204268833571405e+03 2.837724451945173598e+01
-1.230806172705759855e+04 5.950686866828777966e+01
-1.072578255094034830e+04 6.306094314543963719e+01
-9.148989600057102507e+03 2.809213332120664930e+01
1.495478001691035615e+03 5.401587882494836634e+01
9.598181268961534442e+03 5.120683534131367054e+01
-1.125057607767427362e+04 2.670362428375159425e+01
-7.119216600450704391e+02 6.048469296163802511e+01
-1.841748178762427642e+03 2.540084200616894350e+01
-1.214851271189542058e+04 2.837486046409176410e+01
-9.552146152902494578e+03 3.038883622583735189e+01
-1.119961002797898800e+04 4.929407122049818923e+01
1.100079444388044976e+04 5.414074193181900085e+01
1.135173335229317854e+04 2.641191780800862432e+01
-1.258156253619738163e+04 5.262622396073021491e+01
-1.440076329015275951e+04 5.763363372751024372e+01
-4.997600789541063023e+03 4.484913955529711416e+01
4.707123748924807842e+03 4.494788810155239389e+01
-1.220182348401389572e+04 6.213252330254069733e+01
-4.949060127175604975e+03 2.634742586748599180e+01
6.803894773503056058e+03 4.971059875258308125e+01
-5.458779438612525155e+03 2.378073368475993377e+01
-5.427926038998782133e+03 6.092638899946623354e+01
-2.202319452772228033e+03 5.160765532871283767e+01
1.085197622283034616e+04 2.772654067255862742e+01
5.253650373651234077e+03 2.559650910775887311e+01
5.209044561878113200e+03 4.790436668951254973e+01
-1.054906504499307266e+04 2.567629034012036371e+01
-1.040005119056958029e+04 4.370815649617035348e+01
1.115003966445997685e+04 2.578228403060895246e+01
-1.459662529254553556e+04 5.446534345862852433e+01
1.130369998934260548e+04 5.189061809278751980e+01
-1.303113987444933400e+03 5.180419384249171344e+01
-5.845839940417691651e+03 2.688005925243809813e+01
-4.048560751082291972e+03 2.724890817776320162e+01
1.796848686301315638e+03 5.526394510754397515e+01
3.826045247057200413e+03 6.460804092215740013e+01
-1.352363101738577598e+03 2.510232714172425972e+01
-7.551917705882407290e+02 2.607148324683336327e+01
-1.169697723679225783e+04 5.539503455697030176e+01
5.121007439807791343e+03 5.824637646688952231e+01
-2.396296752254417243e+03 5.766052061882183466e+01
-1.454873069357765053e+04 2.331727026339781261e+01
-9.498796510162033883e+03 5.656211684609144186e+01
-1.874473541004993649e+03 5.719218368933326246e+01
2.703562380065418893e+03 4.830302918293824632e+01
5.081561699642931671e+03 5.278851149183906699e+01
-5.700827855386837655e+03 5.164655711929162862e+01
-1.064344481950756017e+04 2.378357773486436599e+01
-1.499084951674558397e+04 6.109146882210465179e+01
-7.203373445478054236e+03 4.854255111505037945e+01
-6.252004885466944870e+03 2.715014874209483153e+01
9.416323433671265093e+02 2.320734808433198282e+01
-4.142571610484485973e+03 2.278537122119157843e+01
-9.446650357259970406e+03 2.617328062025408641e+01
-5.551771097840889524e+03 2.745955118671032480e+01
9.726300784804778914e+02 5.702359681013164305e+01
-8.985246947371068700e+02 5.051576828526694385e+01
6.978327130249084576e+02 5.356242534698463231e+01
1.125196663704523053e+04 2.547870028477889548e+01
6.149031659868283896e+03 2.938471200893555491e+01
2.547916707529163887e+03 2.594417878446991566e+01
5.848020536191522297e+03 2.698020307535695750e+01
-8.791388549477154811e+03 5.797284489188459844e+01
-1.005789946655919448e+04 2.429245546210655604e+01
1.149539814549970060e+03 2.469498910949465298e+01
-5.143716535286655926e+03 2.534051429496450325e+01
-4.800585918093224791e+03 4.579980560572884229e+01
-1.044888973621731384e+04 2.376681939906799812e+01
1.070615533523831255e+04 5.483588537687698050e+01
2.893318353227601165e+03 5.134385734629949383e+01
-6.597498276140132475e+03 5.617888941743679965e+01
8.447684793197200634e+03 2.683310588338098412e+01
6.852350718989981942e+03 2.534323715688686818e+01
-1.494463311173944567e+04 2.698822151620598575e+01
-2.602814276874349616e+03 4.252448822784737104e+01
-5.380356730297443391e+03 6.227958513006135632e+01
4.752529020234708696e+03 2.431174079970586988e+01
-1.164779731583596003e+04 2.593368549476975105e+01
-5.344543463244523991e+03 2.513392981535505655e+01
3.860666629142151578e+03 2.928770277799494082e+01
3.202884680796720659e+03 4.941287970715129774e+01
-1.209529451626362970e+04 5.297672841979190395e+01
2.409582356968571276e+03 5.419390912354052858e+01
3.651870153277450299e+03 2.490224740552202221e+01
-3.795815751659762554e+03 5.274204624469522429e+01
-2.552814276874352799e+03 2.524005863451632692e+01
-7.347427946637260902e+03 2.579489507098587353e+01
-4.174222232576524220e+03 5.743462864408578383e+01
1.090272633980783758e+04 5.633996614654525814e+01
-9.099673376120317698e+03 5.085973053385887255e+01
-6.083356224601756367e+03 6.220984128926206580e+01
-6.957213921092687997e+03 2.320868188776583807e+01
8.394635079773805046e+03 5.091482959627219174e+01
7.351583569921636808e+03 2.358924491414785152e+01
7.554585579899369804e+03 2.921066673405425362e+01
-1.429786250770694278e+04 5.151804622405381195e+01
-6.045741364378028265e+03 2.517145142341800224e+01
9.498940363529587557e+03 4.409184803100987438e+01
7.845437769278333690e+03 2.686836140356438207e+01
-1.075777715182815882e+04 2.356603089984370669e+01
-7.051333351636938460e+03 2.577288887517181593e+01
-2.349010330088254250e+03 2.337518146282426912e+01
-9.944293536147271880e+03 2.842611709523614039e+01
-9.746121425633920808e+03 2.554731365099142337e+01
1.110008399136893604e+04 5.130960048844131194e+01
-9.602292017678633783e+03 5.061797244700778009e+01
-6.549004835888801608e+03 2.483975872702859533e+01
-1.109903395030505453e+04 4.081937992217396527e+01
3.248869091437092720e+03 2.227757403684252324e+01
-4.700585918093242071e+03 4.719511080484284804e+01
-1.240340347067119001e+04 4.593377841985295618e+01
-1.402363101738572595e+03 4.477382266640532293e+01
9.744266275560896247e+03 2.395000368679977143e+01
-5.096980097776289398e+01 2.482624931710347482e+01
-3.998560751082295610e+03 5.611642163724238941e+01
7.214515183510568932e+03 5.473470133250729219e+01
-8.146535534574180019e+03 2.418610304875229033e+01
8.495731608816075095e+03 5.646735171906556161e+01
-8.182947379839851237e+03 5.666611715289032958e+01
7.892424961271281063e+03 5.668207683388830986e+01
3.293019698089634858e+03 5.297101901425664749e+01
1.044657003823502055e+04 2.915313418837287784e+01
5.795934944213918243e+03 5.151115831124769073e+01
4.226533330151658447e+03 5.656777964550186510e+01
1.080563185822763444e+04 5.590336422881827616e+01
-9.396908471803921202e+03 4.724291343238899543e+01
-1.449949398373028089e+04 5.208339053151542686e+01
-7.853373209567794220e+03 2.228370225578158070e+01
1.446773558202611866e+03 2.437419730973496357e+01
3.779276764820265726e+03 5.391893985540343692e+01
7.506513799706311147e+03 5.570042478640053929e+01
-3.598366007376520884e+03 4.914532144933528457e+01
7.789833104846259630e+03 5.049421847302750166e+01
-5.603043771544774245e+03 5.879407565057192642e+01
-4.254724077081733412e+03 2.319140101399435494e+01
-3.499918098231898966e+03 4.842685718537918405e+01
-1.204678180436846924e+04 2.460186795570013985e+01
-1.489258230395148530e+04 4.589900467447021271e+01
-1.159860353508899243e+04 4.740813641710991533e+01
4.257013484234256794e+03 2.215487095655285898e+01
-8.746071792533964981e+03 2.404434018020653596e+01
5.747914408003435710e+03 2.453095523589072968e+01
-8.450768707617173277e+03 2.390750733437665687e+01
-8.500739788717130068e+03 5.285709350972842913e+01
3.699101633530562594e+03 4.350084911676299271e+01
5.155394188208866581e+03 2.230785758175368017e+01
-7.297569981639374419e+03 4.486709008750165140e+01
-1.114903395030503270e+04 2.259044693674660209e+01
7.604585579899286131e+03 4.833193258536378067e+01
1.049725629545749689e+04 5.459980543554691934e+01
-9.696267290410063652e+03 4.577644987216185513e+01
1.039537874142942928e+04 4.897552464057724819e+01
2.846843395480534582e+03 2.352607358565462903e+01
7.451928219785290821e+03 2.648975805234629277e+01
8.346950286555018465e+03 2.408172371289120406e+01
1.055068625721348690e+04 2.544667124717403794e+01
2.498709821647166336e+03 4.679066199488024580e+01
-9.050683776063673577e+03 2.276759721265221970e+01
-4.219708032507110147e+03 5.784065843688855324e+01
1.750139594403911360e+03 2.286070325089438526e+01
1.199583395563332851e+04 4.639741982461919179e+01
1.034880870318482084e+04 1.982239045220436324e+01
8.947137339152357526e+03 2.395698974646138879e+01
1.305395714681190611e+03 4.796798345457886370e+01
-1.049795478121001906e+04 4.944310973918836538e+01
-9.891189990206392395e+03 5.673567991850950420e+01
-1.031166472271247221e+04 5.315951908331957299e+01
-4.602374307183177734e+03 4.819405076265723409e+01
6.495322290465629749e+02 2.339109023082660599e+01
4.488747087616443423e+02 2.095951952258747042e+01
-1.645759842114089224e+03 2.777599299533367017e+01
7.744395335545799753e+03 2.362585706946312314e+01
9.782837317459374390e+03 5.290688651390036057e+01
-1.484794919221210876e+04 1.891078315826422340e+01
5.695878018990773853e+03 4.645009146641697129e+01
-1.244865251573231399e+04 2.018457259001411330e+01
4.012388179383451643e+02 4.395397629930633343e+01
-6.302209154300936461e+03 5.552739326154657107e+01
-5.795395122101022025e+03 4.719209190786812513e+01
1.396773558202705999e+03 4.243956624033013014e+01
-1.199678180436847288e+04 4.414380293074222550e+01
3.523641091756767878e+02 2.299445677671886301e+01
-3.301585883856370856e+03 4.689828223899089465e+01
-3.749999999999753982e+03 2.138629348446404421e+01
-8.695467584660304055e+03 4.240953439724872709e+01
4.618587785688027907e+03 5.339358272798227745e+01
-1.155080621925332525e+04 2.147445092234016784e+01
-1.364921832572313178e+04 2.140056344113694919e+01
-2.110719886221844718e+03 4.859092562797790293e+01
-1.424786250770692095e+04 2.265053276466118248e+01
4.654594728672879683e+03 2.063614730184653112e+01
5.647963610968534340e+03 2.191913623052624516e+01
-7.547768167373817960e+03 2.212001771877585909e+01
8.297367753221389648e+03 4.496945612708598361e+01
-4.449999999999700776e+03 2.096581836095634088e+01
-4.899060127175602247e+03 4.455335089027399675e+01
1.030155008548815022e+04 4.436471423749132015e+01
-9.350258114544389173e+03 2.106963281213490902e+01
2.797093588332987110e+03 4.160047853397971807e+01
-6.746868871960662545e+03 2.196224258841638743e+01
8.898074228200783182e+03 4.467114925695891969e+01
2.450793114110245369e+03 2.084648321041033014e+01
-6.211894438459169578e+03 5.069866129588613290e+01
9.694344313250392588e+03 5.068707268872540794e+01
-1.059250986450027267e+04 4.945986807498473325e+01
7.694395335545873422e+03 4.274712292077265374e+01
1.025274138229313940e+04 2.454232378528695691e+01
-3.549999999999765350e+03 2.013193726349389223e+01
-2.152100836900505328e+03 2.129833449598307737e+01
5.509764960464926844e+03 4.916775656363713409e+01
-1.035116145435263934e+04 1.994133709710236246e+01
8.250417466644248634e+03 2.088773241419478310e+01
-9.650145864776563030e+03 2.022913622117042465e+01
-1.479931114087388414e+04 4.028883043624575322e+01
-1.449999999999902002e+03 1.967149552468105966e+01
-4.649999999999695319e+03 1.960123022190200714e+01
-4.091132361567049884e+03 5.003427939895478715e+01
-1.195000000000026921e+04 1.954193497504208921e+01
1.194769588157967701e+04 2.073839998647324023e+01
7.251556582270349281e+03 1.969590147950199466e+01
8.850936889029837403e+03 2.071415951049753090e+01
5.597963610968613466e+03 3.963408650068261352e+01
-1.419829744341912192e+04 4.154417795037912953e+01
-8.502515416836109807e+02 1.941188627965166447e+01
-3.350149090399258512e+03 1.946697633990669019e+01
7.649999999978105734e+03 1.912126585130953060e+01
1.189769588157936050e+04 3.753513871974385552e+01
9.450837132243161250e+03 1.962208169162184035e+01
1.051366327899330827e+03 1.936420546223192218e+01
8.993153267692927329e+03 5.170695882204972804e+01
8.913065398041604794e+02 5.188685227437698444e+01
-4.404920110573038983e+03 5.067571052544527532e+01
-7.250142035001627846e+03 1.907219501651577431e+01
-5.749555181682945658e+03 2.031203265543002345e+01
-3.153262400825804434e+03 2.007572972750624629e+01
6.751544054492529540e+03 2.436736159569621307e+01
1.184999999999908323e+04 1.679673873327061173e+01
-5.510550536453779387e+03 5.124028487147025857e+01
-2.948124017081715920e+03 2.000796128478692282e+01
-4.849999999999672582e+03 1.820592502278799785e+01
-1.105000000000034743e+04 1.822893298542735963e+01
-1.493478574502255242e+03 4.880762748824260910e+01
-7.898695060889561319e+03 5.014174281201959360e+01
1.349999999996876568e+03 1.806536893059517368e+01
-1.415043493571232284e+04 1.889364518571794704e+01
5.549999999981434485e+03 1.771495027015636836e+01
2.750250192843083369e+03 1.807440494832508904e+01
-8.649395792126828383e+03 1.836519421704219113e+01
-2.649999999999824013e+03 1.728442959333104767e+01
-5.048540662365126082e+03 1.850171368781112236e+01
3.747231480238908262e+03 1.859860171124096695e+01
5.049281781377445441e+03 1.684999260670322840e+01
-1.475136194866185360e+04 2.137804727798152626e+01
1.015697396346147684e+03 5.318045418803158242e+01
-5.092257197652121249e+03 4.384222798277562561e+01
-1.100992107451016454e+04 4.900605256856051284e+01
-7.588933460000952437e+03 5.084316594102605791e+01
-8.054433122719050289e+02 4.548336952648502773e+01
-1.248976634238925726e+04 4.558454236017755790e+01
-6.787605156995025936e+03 5.107484337604614666e+01
5.012979838925200056e+03 4.812938128681792449e+01
-7.815019515332216542e+03 4.828751586751002378e+01
7.403511789728420808e+03 5.007900296649413718e+01
-2.689861648692520248e+03 4.486029871696884896e+01
-1.369410986060492723e+04 4.714291129264491786e+01
-3.113100893910104787e+03 4.751407429084050449e+01
-7.008547272730092118e+03 4.898157076293765755e+01
-2.905820812718584421e+03 4.380742469869590394e+01
6.389076538418884610e+01 2.363616353576594165e+01
