0
0
0
0
0
0
0
0
0
-2.5044e-185
-7.9359e-163
-1.1694e-151
-1.3817e-142
-8.7176e-135
-7.0447e-128
-1.2032e-121
-5.9658e-116
-1.0615e-110
-7.8639e-106
-2.713e-101
-4.781e-97
-4.6847e-93
-2.7784e-89
-1.0876e-85
-3.0363e-82
-6.342e-79
-1.0039e-75
-1.1986e-72
-1.0764e-69
-7.3128e-67
-3.8033e-64
-1.5373e-61
-4.906e-59
-1.255e-56
-2.61e-54
-4.469e-52
-6.3723e-50
-7.6437e-48
-7.7833e-46
-6.7822e-44
-5.0939e-42
-3.3191e-40
-1.8872e-38
-9.4133e-37
-4.1393e-35
-1.6117e-33
-5.5794e-32
-1.7237e-30
-4.7687e-29
-1.1851e-27
-2.6534e-26
-5.3658e-25
-9.8241e-24
-1.6318e-22
-2.4632e-21
-3.3788e-20
-4.1624e-19
-4.0833e-18
-1.5681e-17
-2.6473e-17
-1.3119e-16
-9.5784e-16
-7.0833e-15
-4.8387e-14
-3.0169e-13
-1.7136e-12
-8.8603e-12
-4.1662e-11
-1.7796e-10
-6.8962e-10
-2.4206e-09
-7.6819e-09
-2.1998e-08
-5.6721e-08
-1.3141e-07
-2.7304e-07
-5.0843e-07
-8.4951e-07
-1.2805e-06
-1.7633e-06
-2.2693e-06
-2.8197e-06
-3.4938e-06
-4.3849e-06
-5.5427e-06
-6.9673e-06
-8.6768e-06
-1.0784e-05
-1.3489e-05
-1.6993e-05
-2.1465e-05
-2.7178e-05
-3.4665e-05
-4.4586e-05
-5.7282e-05
-7.237e-05
-8.8511e-05
-0.00010332
-0.0001139
-0.00011833
-0.0001174
-0.00011453
-0.00011355
-0.00011573
-0.00011901
-0.00012048
-0.00011956
-0.00011808
-0.00011752
-0.00011756
-0.00011753
-0.00011769
-0.00011839
-0.00011964
-0.00012187
-0.00012587
-0.00013197
-0.00013973
-0.00014786
-0.00015486
-0.00016058
-0.00016601
-0.00017187
-0.00017894
-0.00018814
-0.00019844
-0.00020774
-0.00021615
-0.00022509
-0.00023483
-0.00024537
-0.00025777
-0.00027293
-0.00028888
-0.00030222
-0.00031474
-0.00033104
-0.00034947
-0.00036702
-0.00038766
-0.0004145
-0.00044361
-0.00047523
-0.00052008
-0.00058238
-0.00065421
-0.00073888
-0.00084709
-0.00097171
-0.0011017
-0.0012321
-0.0013452
-0.0014165
-0.0014402
-0.0014267
-0.0013828
-0.001327
-0.0012916
-0.0012788
-0.0012745
-0.0012747
-0.0012687
-0.0012498
-0.0012067
-0.0011342
-0.0010571
-0.000984
-0.00092283
-0.00089404
-0.00089266
-0.00092957
-0.0010102
-0.0010742
-0.0010801
-0.0010095
-0.00082309
-0.00066989
-0.00091765
-0.0010724
0.0011833
0.0039437
-0.010351
-0.057654
-0.14138
-0.24567
-0.35679
-0.45967
-0.55073
-0.62756
-0.69873
-0.7667
-0.82725
-0.88286
-0.93729
-0.98942
-1.0379
-1.0849
-1.1291
-1.1724
-1.2131
-1.2529
-1.2904
-1.3262
-1.3612
-1.3929
-1.4232
-1.4528
-1.4816
-1.5092
-1.5366
-1.5626
-1.5866
-1.6101
-1.6325
-1.6548
-1.6763
-1.6968
-1.7161
-1.7346
-1.7532
-1.7713
-1.7877
-1.8043
-1.821
-1.8363
-1.8509
-1.8657
-1.8798
-1.893
-1.9063
-1.9199
-1.933
-1.945
-1.9572
-1.9692
-1.9803
-1.991
-2.0014
-2.0121
-2.0224
-2.0318
-2.041
-2.0496
-2.058
-2.0676
-2.0769
-2.0845
-2.0912
-2.0967
-2.1006
-2.1037
-2.1064
-2.1087
-2.1108
-2.1135
-2.1163
-2.119
-2.1214
-2.1236
-2.1262
-2.1288
-2.131
-2.1335
-2.136
-2.1379
-2.1396
-2.1409
-2.1423
-2.144
-2.146
-2.148
-2.1495
-2.1502
-2.1509
-2.1521
-2.1537
-2.1545
-2.1549
-2.1557
-2.156
-2.1561
-2.1564
-2.1566
-2.1569
-2.1572
-2.1577
-2.1586
-2.159
-2.1592
-2.1598
-2.16
-2.16
-2.16
-2.1602
-2.1602
-2.1606
-2.1614
-2.1619
-2.1622
-2.1624
-2.1624
-2.1624
-2.1629
-2.1637
-2.1645
-2.1649
-2.1649
-2.1649
-2.1649
-2.1652
-2.1657
-2.1664
-2.1666
-2.1666
-2.1665
-2.1667
-2.167
-2.1672
-2.1673
-2.1673
-2.1672
-2.1672
-2.1673
-2.1674
-2.1675
-2.1675
-2.1675
-2.1674
-2.1686
-2.1715
-2.1745
-2.1766
-2.1778
-2.1787
-2.1798
-2.181
-2.1818
-2.1832
-2.1849
-2.1866
-2.1889
-2.1922
-2.1965
-2.202
-2.2087
-2.2165
-2.2256
-2.2365
-2.2491
-2.2637
-2.2803
-2.2981
-2.317
-2.3364
-2.3559
-2.3756
-2.3952
-2.4152
-2.4361
-2.4578
-2.4803
-2.5042
-2.5291
-2.5533
-2.5751
-2.5934
-2.6093
-2.6247
-2.6407
-2.6566
-2.6716
-2.6856
-2.6995
-2.7138
-2.7278
-2.7404
-2.7512
-2.7603
-2.7673
-2.7732
-2.7783
-2.7825
-2.7861
-2.7895
-2.7927
-2.7959
-2.7991
-2.8025
-2.8064
-2.81
-2.8126
-2.8138
-2.814
-2.8139
-2.8139
-2.814
-2.8142
-2.8145
-2.8157
-2.8181
-2.8208
-2.8229
-2.8245
-2.8261
-2.8285
-2.8311
-2.833
-2.834
-2.8347
-2.836
-2.8375
-2.8391
-2.8406
-2.842
-2.8431
-2.8439
-2.8443
-2.8445
-2.8446
-2.8447
-2.8447
-2.8447
-2.8446
-2.8446
-2.8447
-2.8447
-2.8447
-2.8446
-2.8446
-2.8446
-2.8446
-2.8446
-2.8446
-2.8446
-2.8446
-2.8446
-2.8446
-2.8446
-2.8446
-2.8446
-2.8446
-2.8446
-2.8446
-2.8446
-2.8445
-2.8445
-2.8445
-2.8446
-2.8446
-2.8446
-2.8446
-2.8445
-2.8445
-2.8444
-2.8445
-2.8445
-2.8446
-2.8446
-2.8446
-2.8445
-2.8444
-2.8444
-2.8444
-2.8445
-2.8446
-2.8446
-2.8446
-2.8445
-2.8444
-2.8444
-2.8445
-2.8445
-2.8445
-2.8445
-2.8445
-2.8445
-2.8445
-2.8445
-2.8445
-2.8445
-2.8445
