0
0
0
0
0
0
0
0
-3.442e-122
-1.4847e-112
1.486e-103
2.3494e-96
3.0098e-89
3.6726e-83
7.7757e-78
4.5027e-73
9.3708e-69
8.3729e-65
3.6422e-61
8.5081e-58
1.1592e-54
9.8888e-52
5.5947e-49
2.188e-46
6.0694e-44
1.2113e-41
1.7522e-39
1.8387e-37
1.3826e-35
7.0342e-34
1.7869e-32
-6.289e-31
-1.0632e-28
-7.4789e-27
-3.8029e-25
-1.5578e-23
-5.3483e-22
-1.5659e-20
-3.9418e-19
-8.5453e-18
-1.3891e-16
1.8016e-16
4.1727e-15
5.0919e-14
4.9932e-13
4.2505e-12
3.1378e-11
2.0078e-10
1.1124e-09
5.3269e-09
2.1992e-08
7.8007e-08
2.3665e-07
6.1038e-07
1.3282e-06
2.4147e-06
3.6225e-06
4.4209e-06
4.3491e-06
3.5726e-06
3.0476e-06
3.8766e-06
6.2041e-06
8.6692e-06
9.5892e-06
9.5893e-06
1.197e-05
1.8125e-05
2.4527e-05
2.8739e-05
3.5479e-05
5.0764e-05
7.3984e-05
0.00010008
0.00012223
0.00012757
9.7357e-05
2.1475e-05
-8.1473e-05
-0.00016435
-0.0001845
-0.00014433
-9.6653e-05
-9.4065e-05
-0.00013058
-0.00015936
-0.00015966
-0.00014699
-0.00013744
-0.00013594
-0.00013764
-0.00013314
-0.0001264
-0.00012599
-0.00011598
-8.0697e-05
-4.836e-05
-4.3101e-05
-4.5192e-05
-6.0122e-05
-9.3282e-05
-8.3862e-05
-2.3128e-05
1.7307e-05
8.4466e-06
-1.5608e-05
-4.3913e-06
-2.0354e-05
-0.00014675
-0.00026222
-0.0003824
-0.00073185
-0.0012332
-0.0015595
-0.0014175
-0.00077575
0.00036282
0.0021816
0.0038948
0.0045213
0.0044387
0.0038324
0.0027718
0.0017462
0.00083297
0.00022116
-0.00022149
-0.0013018
-0.0025677
-0.00081067
0.0034984
0.0066464
0.0027856
-0.01945
-0.027363
0.06338
0.15034
-0.37498
-1.3257
-2.3283
-2.6079
-2.845
-2.8645
-2.8422
-2.4301
-2.141
-1.8974
-1.6488
-1.5321
-1.3644
-1.2589
-1.1534
-1.0796
-0.99898
-0.90702
-0.84517
-0.82994
-0.77114
-0.6892
-0.61826
-0.61668
-0.54158
-0.49022
-0.49943
-0.47208
-0.35946
-0.38594
-0.39325
-0.30619
-0.32481
-0.3217
-0.29125
-0.2896
-0.21788
-0.25355
-0.25871
-0.22347
-0.22827
-0.216
-0.21122
-0.20679
-0.17728
-0.16852
-0.18387
-0.17735
-0.18425
-0.1681
-0.15654
-0.16864
-0.17549
-0.14135
-0.15401
-0.16348
-0.14819
-0.12662
-0.12064
-0.15612
-0.14139
-0.12871
-0.17664
-0.15819
-0.10816
-0.14192
-0.13941
-0.11842
-0.11412
-0.13156
-0.13519
-0.13288
-0.12883
-0.11236
-0.13351
-0.11135
-0.12184
-0.13161
-0.12249
-0.12837
-0.12517
-0.12162
-0.13037
-0.11129
-0.096116
-0.11907
-0.12494
-0.11455
-0.089159
-0.090792
-0.092031
-0.060456
-0.028435
-0.0058665
-4.1519e-05
-0.00096742
-0.0033108
-0.0013652
-0.00078296
-0.00063196
0.0014897
0.0014506
0.00012225
-0.0013895
-0.0022327
-7.4228e-06
0.0017262
-0.00025738
-0.001223
0.0016956
0.0012894
-0.0024013
-0.0021106
0.00069129
0.0011059
0.00069672
0.00057483
-0.0012557
-0.0014308
-0.00030201
0.00034487
0.00067417
-0.00011527
0.00024825
0.00043463
-0.00030448
-0.0009508
-0.0005173
-0.00055315
0.00013062
0.0010426
0.000637
-0.0006191
-0.00084663
-0.00021766
0.00047432
0.00053149
0.00058972
0.0011294
-0.00034644
-0.0018732
-0.0024507
6.3321e-05
-0.0019216
-0.0059811
0.0013946
-0.010947
-0.039429
-0.015576
0.00035718
-0.0091394
-0.0047188
0.0013947
-0.003444
-0.0062439
-0.01589
-0.023039
-0.031217
-0.024152
-0.0080014
-3.4761e-05
0.00079652
-0.0041335
-0.019005
-0.015336
-0.0077846
-0.0059932
-0.0098656
-0.014711
-0.020344
-0.027505
-0.021093
-0.010618
-0.0037756
-0.00054078
-0.010847
-0.029402
-0.024669
-0.011191
-0.00059234
0.00081941
0.00061346
-0.00063576
-0.00078903
0.0009108
0.0022988
0.0025717
-0.016234
-0.059772
-0.08099
-0.10399
-0.13096
-0.14885
-0.16951
-0.17342
-0.18728
-0.21006
-0.20886
-0.18939
-0.14141
-0.078146
-0.035831
-0.023833
-0.034869
-0.058667
-0.088946
-0.12384
-0.15733
-0.17001
-0.16965
-0.15395
-0.13145
-0.11937
-0.10627
-0.09087
-0.091052
-0.096069
-0.10599
-0.10816
-0.079297
-0.043993
-0.017088
-0.0077033
-0.0051577
-0.0017032
-0.00061962
-9.1565e-05
-0.021296
-0.060876
-0.076088
-0.078419
-0.08292
-0.063439
-0.028816
-0.013712
-0.0079273
-0.0045597
-0.0035888
-0.0032443
-0.0068636
-0.0088884
-0.018673
-0.037438
-0.042088
-0.056494
-0.084077
-0.10002
-0.11002
-0.12779
-0.16182
-0.20338
-0.24338
-0.28123
-0.31514
-0.35047
-0.39079
-0.42037
-0.43529
-0.44446
-0.45888
-0.49635
-0.55542
-0.61236
-0.64532
-0.63457
-0.569
-0.45879
-0.34733
-0.27567
-0.24358
-0.22903
-0.20988
-0.17623
-0.13836
-0.10587
-0.08908
-0.085092
-0.078989
-0.066567
-0.054633
-0.0478
-0.02887
-0.00079512
0.0026088
0.0029097
0.0010248
-0.0011923
-0.0012097
-0.00039633
-0.00061218
-0.00083119
0.000661
8.4776e-05
-0.002074
-0.0021392
-0.00099137
0.00026887
0.00083787
0.001021
0.0011208
-0.00022664
-0.001522
-0.00097341
0.00083431
0.0019432
0.0014304
2.3784e-05
-0.0019629
-0.0029171
-0.0018528
0.00081806
0.002546
0.0015749
-0.00088827
-0.0023634
-0.0010933
0.0011089
0.0016229
0.00035759
-0.00073531
-0.00063924
-0.00029058
-0.00021866
6.3414e-06
0.00034467
-0.00016049
-0.00096524
-0.00054739
0.00053459
0.00060515
-0.00030121
-0.00070793
-0.000227
0.00044072
0.00041664
-0.0003573
-0.00082248
-0.00042178
3.4856e-05
-9.7428e-05
-0.00023407
-2.8821e-05
0.0001275
-1.5612e-07
