0
0
0
0
0
0
0
0
-6.5854e-126
-6.1013e-116
2.6812e-107
4.6447e-100
6.9294e-93
9.5331e-87
2.2423e-81
1.4344e-76
3.2924e-72
3.2476e-68
1.5621e-64
4.0362e-61
6.0704e-58
5.6945e-55
3.5296e-52
1.5102e-49
4.5923e-47
1.0095e-44
1.6185e-42
1.8974e-40
1.6128e-38
9.5504e-37
3.2871e-35
-2.56e-34
-1.279e-31
-1.0671e-29
-6.0287e-28
-2.689e-26
-9.9756e-25
-3.1487e-23
-8.5498e-22
-2.0081e-20
-4.0549e-19
-5.0198e-18
3.613e-18
1.7611e-16
2.0687e-15
2.0008e-14
1.6826e-13
1.2367e-12
7.9445e-12
4.4574e-11
2.1817e-10
9.3002e-10
3.4461e-09
1.1072e-08
3.0763e-08
7.3714e-08
1.5199e-07
2.695e-07
4.1241e-07
5.5122e-07
6.6207e-07
7.5342e-07
8.7065e-07
1.0647e-06
1.3434e-06
1.6562e-06
1.9629e-06
2.3341e-06
2.9077e-06
3.7056e-06
4.6319e-06
5.7459e-06
7.3532e-06
9.7367e-06
1.2961e-05
1.6869e-05
2.0926e-05
2.3979e-05
2.4508e-05
2.1602e-05
1.5997e-05
9.9156e-06
5.418e-06
2.6662e-06
1.6837e-08
-3.8893e-06
-8.7065e-06
-1.3495e-05
-1.8025e-05
-2.2388e-05
-2.658e-05
-3.0649e-05
-3.4482e-05
-3.7977e-05
-4.1372e-05
-4.4494e-05
-4.6502e-05
-4.7415e-05
-4.8245e-05
-4.9183e-05
-5.0351e-05
-5.2675e-05
-5.5072e-05
-5.5309e-05
-5.3841e-05
-5.2349e-05
-5.1528e-05
-5.0554e-05
-4.8993e-05
-4.999e-05
-5.3537e-05
-5.6592e-05
-6.5548e-05
-8.7722e-05
-0.00011833
-0.00014638
-0.00016244
-0.00015717
-0.0001069
-1.2951e-06
0.00012475
0.00025211
0.00037915
0.00047447
0.00053058
0.00056223
0.00057942
0.00058844
0.00056392
0.00051092
0.00047829
0.00048649
0.00056971
0.00072469
0.00059158
-0.00022162
-0.0005647
0.0023251
0.0040451
-0.014682
-0.061227
-0.129
-0.20684
-0.29121
-0.37724
-0.45742
-0.52557
-0.58669
-0.63998
-0.68777
-0.73093
-0.77119
-0.80749
-0.84158
-0.87365
-0.9021
-0.92834
-0.95471
-0.97937
-0.99944
-1.0196
-1.0392
-1.0564
-1.0731
-1.0889
-1.103
-1.1155
-1.1276
-1.1391
-1.1499
-1.1599
-1.1703
-1.1799
-1.1874
-1.1953
-1.2038
-1.2113
-1.2185
-1.2257
-1.233
-1.2391
-1.2444
-1.25
-1.256
-1.2615
-1.2678
-1.2733
-1.2779
-1.2831
-1.2884
-1.2931
-1.2977
-1.302
-1.3065
-1.3115
-1.3152
-1.3198
-1.3246
-1.3285
-1.333
-1.3375
-1.3412
-1.3458
-1.3498
-1.3532
-1.357
-1.3611
-1.3651
-1.3687
-1.3726
-1.3765
-1.38
-1.3831
-1.387
-1.3908
-1.3946
-1.3986
-1.4024
-1.406
-1.4093
-1.4125
-1.4155
-1.419
-1.4229
-1.4266
-1.4294
-1.4325
-1.4354
-1.4375
-1.4394
-1.4401
-1.4402
-1.4403
-1.4404
-1.4404
-1.4404
-1.4404
-1.4403
-1.4404
-1.4404
-1.4404
-1.4405
-1.4405
-1.4405
-1.4405
-1.4405
-1.4405
-1.4405
-1.4405
-1.4406
-1.4405
-1.4405
-1.4405
-1.4405
-1.4406
-1.4406
-1.4406
-1.4406
-1.4406
-1.4406
-1.4406
-1.4406
-1.4406
-1.4406
-1.4406
-1.4406
-1.4406
-1.4406
-1.4406
-1.4406
-1.4406
-1.4406
-1.4406
-1.4406
-1.4406
-1.4406
-1.4406
-1.4406
-1.4405
-1.4405
-1.4405
-1.4405
-1.4406
-1.4408
-1.4414
-1.4416
-1.4417
-1.4417
-1.4418
-1.4419
-1.4421
-1.4423
-1.4426
-1.4431
-1.4438
-1.4444
-1.4447
-1.4448
-1.4448
-1.4449
-1.4454
-1.4458
-1.446
-1.4462
-1.4464
-1.4466
-1.447
-1.4475
-1.4482
-1.4489
-1.4495
-1.4496
-1.4496
-1.4498
-1.4503
-1.4508
-1.451
-1.4511
-1.4511
-1.4511
-1.4511
-1.4511
-1.451
-1.4511
-1.451
-1.4515
-1.4529
-1.4548
-1.4576
-1.4612
-1.4657
-1.4703
-1.4752
-1.4805
-1.4863
-1.4923
-1.4978
-1.5021
-1.5054
-1.5078
-1.5099
-1.5122
-1.5153
-1.5197
-1.5248
-1.5301
-1.5352
-1.5397
-1.5436
-1.547
-1.5499
-1.5525
-1.5552
-1.5579
-1.5609
-1.5638
-1.5663
-1.5682
-1.5695
-1.5703
-1.5707
-1.5707
-1.5707
-1.5707
-1.5712
-1.5728
-1.575
-1.5774
-1.58
-1.5824
-1.5841
-1.5852
-1.5859
-1.5862
-1.5863
-1.5864
-1.5865
-1.5868
-1.5874
-1.5887
-1.5904
-1.5923
-1.5946
-1.5976
-1.6011
-1.6051
-1.6101
-1.6163
-1.6238
-1.6327
-1.6424
-1.6529
-1.6646
-1.6774
-1.6909
-1.7051
-1.7198
-1.7355
-1.7527
-1.771
-1.7895
-1.8065
-1.8206
-1.8314
-1.8398
-1.847
-1.8538
-1.8601
-1.8657
-1.8704
-1.8745
-1.878
-1.8808
-1.8831
-1.8849
-1.8864
-1.888
-1.8897
-1.8908
-1.891
-1.891
-1.891
-1.891
-1.891
-1.8909
-1.8908
-1.8908
-1.8909
-1.8909
-1.8908
-1.8908
-1.8908
-1.8909
-1.8909
-1.8909
-1.8908
-1.8907
-1.8907
-1.8908
-1.8908
-1.8908
-1.8907
-1.8907
-1.8906
-1.8907
-1.8907
-1.8908
-1.8907
-1.8907
-1.8907
-1.8907
-1.8908
-1.8907
-1.8907
-1.8907
-1.8907
-1.8907
-1.8907
-1.8907
-1.8907
-1.8907
-1.8907
-1.8907
-1.8907
-1.8907
-1.8907
-1.8907
-1.8907
-1.8907
-1.8907
-1.8907
-1.8907
-1.8907
-1.8907
-1.8907
-1.8907
-1.8907
-1.8907
-1.8907
-1.8907
-1.8907
