0
0
0
0
0
0
0
0
0
0
0
0
-4.101e-234
-6.5738e-219
-1.7052e-207
-6.879e-198
-1.8223e-189
-6.4242e-182
-4.4603e-175
-7.1222e-169
-1.0564e-163
2.4138e-157
1.0832e-151
1.7327e-146
1.3216e-141
5.4353e-137
1.303e-132
1.9288e-128
1.846e-124
1.1866e-120
5.2899e-117
1.6816e-113
3.9033e-110
6.7525e-107
8.8582e-104
8.9382e-101
7.0138e-98
4.3111e-95
2.0797e-92
7.8186e-90
2.2301e-87
4.4164e-85
3.7118e-83
-1.2619e-80
-7.173e-78
-2.1237e-75
-4.6708e-73
-8.3406e-71
-1.2579e-68
-1.639e-66
-1.873e-64
-1.8977e-62
-1.7185e-60
-1.3994e-58
-1.0296e-56
-6.8704e-55
-4.1701e-53
-2.3083e-51
-1.1678e-49
-5.411e-48
-2.3007e-46
-8.9937e-45
-3.2381e-43
-1.0757e-41
-3.303e-40
-9.3907e-39
-2.4762e-37
-6.0654e-36
-1.3823e-34
-2.9356e-33
-5.8171e-32
-1.0771e-30
-1.8661e-29
-3.029e-28
-4.612e-27
-6.5948e-26
-8.8634e-25
-1.1201e-23
-1.3306e-22
-1.4841e-21
-1.5511e-20
-1.5137e-19
-1.3712e-18
-1.138e-17
-8.2513e-17
-4.4311e-16
-3.5555e-16
-1.4935e-16
-1.6587e-16
3.9782e-15
4.8304e-14
3.5345e-13
2.0636e-12
1.0291e-11
4.5117e-11
1.7636e-10
6.1936e-10
1.9633e-09
5.6341e-09
1.467e-08
3.4719e-08
7.4769e-08
1.4651e-07
2.6052e-07
4.1723e-07
5.9275e-07
7.2775e-07
7.4236e-07
6.039e-07
4.2866e-07
4.972e-07
1.0308e-06
1.8203e-06
2.2132e-06
1.8643e-06
1.578e-06
2.7432e-06
5.3549e-06
7.3888e-06
7.459e-06
7.3854e-06
9.7957e-06
1.3405e-05
1.3927e-05
1.0165e-05
5.3124e-06
1.1243e-06
-4.916e-06
-1.4605e-05
-2.448e-05
-2.8368e-05
-2.3645e-05
-1.5171e-05
-1.3303e-05
-2.5459e-05
-4.6015e-05
-5.5237e-05
-3.722e-05
-4.8966e-06
6.3303e-06
-1.7115e-05
-4.6733e-05
-5.2657e-05
-4.0053e-05
-2.5155e-05
-7.7218e-06
7.1168e-06
-2.8219e-06
-3.6619e-05
-5.7522e-05
-4.5415e-05
-1.9461e-05
5.3596e-07
6.9e-06
-1.1015e-05
-4.704e-05
-6.7224e-05
-5.0777e-05
-1.4905e-05
9.2177e-06
3.9278e-06
-2.1267e-05
-3.6075e-05
-2.8035e-05
-2.3541e-05
-4.2811e-05
-5.5882e-05
-3.0571e-05
-1.0038e-05
-6.3697e-05
-0.00016696
-0.00025082
-0.00032718
-0.00039971
-0.00038024
-0.00025234
-0.00011977
-4.2043e-05
-2.4756e-05
-9.2983e-05
-0.000223
-0.00033059
-0.00040633
-0.00050806
-0.00060796
-0.00060344
-0.00037114
0.0001026
0.00039138
6.7632e-05
-0.00043228
-0.00056022
-0.00075305
-0.0014188
-0.0020359
-0.0023612
-0.0027993
-0.0031264
-0.0029188
-0.0025295
-0.0019229
-0.00057561
0.0011158
0.0023594
0.0027823
0.0024248
0.0018687
0.0012367
0.00026275
-0.00030237
-0.00011716
0.00026293
0.0013462
0.0030201
0.0039626
0.0045079
0.004762
0.0033944
0.0010249
-0.00069693
-0.0016058
-0.0021766
-0.0016861
0.00071586
0.0037014
0.0064115
-0.00079788
-0.025285
0.013359
0.18092
0.0010263
-1.3135
-3.1427
-4.6034
-5.0794
-4.7749
-4.2221
-3.6541
-3.3113
-3.1715
-2.9111
-2.801
-2.689
-2.7025
-2.613
-2.5175
-2.4862
-2.4342
-2.4083
-2.2971
-2.31
-2.2658
-2.1888
-2.2389
-2.1624
-2.1327
-2.152
-2.0715
-2.0826
-2.001
-2.0205
-2.0146
-1.9273
-1.9471
-1.9431
-1.9167
-1.9104
-1.8147
-1.8563
-1.8744
-1.7761
-1.8057
-1.7848
-1.7411
-1.7397
-1.7173
-1.7156
-1.6855
-1.6424
-1.6235
-1.602
-1.5688
-1.5176
-1.4845
-1.441
-1.4242
-1.4272
-1.416
-1.3759
-1.3648
-1.3503
-1.2866
-1.222
-1.1125
-0.8873
-0.70563
-0.62901
-0.57563
-0.56504
-0.56492
-0.57714
-0.55463
-0.55098
-0.55678
-0.52426
-0.54023
-0.55802
-0.60114
-0.66551
-0.68914
-0.66404
-0.55569
-0.38111
-0.22729
-0.16955
-0.17113
-0.14464
-0.074193
-0.00078864
0.002669
-0.0047027
-0.0057856
0.0029204
0.0038996
-0.0037887
-0.0017289
0.0033936
0.0013736
-0.0017583
-0.00080315
0.001929
0.0012315
-0.0014591
6.2922e-06
0.0022905
7.5238e-05
-0.0014884
-0.00054695
0.00066215
0.002423
0.0027856
-0.0009916
-0.0037953
0.00042869
0.0047746
0.0038636
0.0007263
-0.0014093
-0.00012906
0.0031627
0.0040721
0.0010652
-0.0035737
-0.0041972
-0.0022028
0.0011653
0.0047314
0.0051141
0.0029345
0.00093688
0.00022367
0.0007061
0.00065745
0.00072704
0.0010127
0.0013302
0.00011217
-0.0018025
-0.00088007
0.00047673
0.00019716
-5.9344e-05
0.0010523
0.0016288
-6.5821e-05
-0.00086823
-0.00036109
0.00012813
0.00070735
0.00058872
-0.00054286
-0.0018285
-0.0020831
-0.00094444
0.00038203
0.0018037
0.0036471
0.0030782
-0.0013582
-0.0053757
-0.0058825
-0.0027595
0.0029527
0.0068008
0.0049541
-0.00098843
-0.0061865
-0.0061281
-0.0015054
0.0034904
0.0051879
0.0021777
-0.0022174
-0.0032981
-9.8508e-05
0.0041358
0.0057981
0.0040587
0.00025708
0.00075675
-0.0063414
-0.022946
-0.020043
-0.050785
-0.089791
-0.099301
-0.10164
-0.11468
-0.15494
-0.2189
-0.29502
-0.33422
-0.31466
-0.24323
-0.17015
-0.11261
-0.054874
-0.0053443
0.0027466
0.0046588
0.0048549
0.0063632
0.0053416
0.0035829
0.0013244
-0.0014781
-0.001383
0.0014194
0.0032558
0.0014748
-0.0014639
-0.0013602
0.00030488
0.00060352
-1.4821e-05
-0.00038602
-0.0012585
-0.0019752
-0.00091247
0.00082402
0.0014519
7.3738e-05
-0.0010296
-0.00056061
-1.9377e-05
0.00022985
0.00079606
0.0012918
0.0015215
0.001016
-0.00026882
-0.0014196
-0.0020624
-0.0016351
0.0001397
0.0017856
0.0015912
0.00038697
0.00032003
0.00076515
0.00072532
0.00033331
0.00011029
0.00028135
0.00018146
-0.00055107
-0.0018477
-0.0026422
-0.0015847
0.00080923
0.0026123
