0
0
0
0
0
0
0
0
0
0
0
3.3311e-219
-8.2021e-204
-1.2984e-192
-2.9937e-183
-4.6039e-175
-9.9045e-168
-4.63e-161
-6.2978e-155
-3.0686e-149
-6.257e-144
-6.0237e-139
-3.0148e-134
-8.4852e-130
-1.4333e-125
-1.5344e-121
-1.0901e-117
-5.3438e-114
-1.868e-110
-4.7878e-107
-9.2135e-104
-1.3583e-100
-1.5611e-97
-1.4202e-94
-1.0365e-91
-6.1444e-89
-2.9911e-86
-1.208e-83
-4.086e-81
-1.1678e-78
-2.8432e-76
-5.9427e-74
-1.074e-71
-1.6899e-69
-2.3294e-67
-2.8299e-65
-3.0468e-63
-2.9221e-61
-2.5086e-59
-1.9364e-57
-1.3493e-55
-8.5208e-54
-4.8927e-52
-2.5626e-50
-1.2277e-48
-5.3945e-47
-2.1789e-45
-8.1075e-44
-2.7846e-42
-8.8435e-41
-2.6014e-39
-7.0984e-38
-1.7993e-36
-4.2422e-35
-9.3142e-34
-1.9066e-32
-3.6422e-31
-6.4992e-30
-1.0843e-28
-1.6925e-27
-2.4737e-26
-3.3873e-25
-4.3484e-24
-5.2357e-23
-5.9154e-22
-6.2737e-21
-6.2468e-20
-5.8367e-19
-5.1053e-18
-4.0883e-17
-2.6128e-16
-3.3082e-16
1.3979e-15
6.5182e-15
3.6117e-14
1.9363e-13
9.7148e-13
4.5697e-12
2.0098e-11
8.2556e-11
3.1627e-10
1.1283e-09
3.7412e-09
1.1506e-08
3.2738e-08
8.593e-08
2.0733e-07
4.5799e-07
9.2166e-07
1.6799e-06
2.7543e-06
4.031e-06
5.2275e-06
5.9895e-06
6.1523e-06
6.0293e-06
6.4277e-06
8.1789e-06
1.1432e-05
1.5418e-05
1.9196e-05
2.2845e-05
2.7817e-05
3.5813e-05
4.7373e-05
6.1947e-05
7.9466e-05
0.00010097
0.00012609
0.0001489
0.00015658
0.00013428
7.4255e-05
-1.5962e-05
-0.0001101
-0.00016896
-0.000161
-9.1457e-05
-1.1665e-05
1.5598e-05
-2.7159e-05
-9.2159e-05
-0.00011246
-7.1354e-05
-1.8695e-05
-1.0471e-05
-4.1777e-05
-5.9505e-05
-3.4593e-05
1.0194e-05
4.369e-05
5.8104e-05
5.2129e-05
2.3553e-05
-1.147e-05
-2.5574e-05
-1.2047e-05
1.2444e-05
2.9852e-05
3.249e-05
2.6019e-05
2.0444e-05
1.2972e-05
2.7901e-06
9.6186e-06
3.4131e-05
4e-05
2.1645e-05
1.8204e-05
3.2516e-05
3.1418e-05
2.2536e-05
3.2585e-05
4.0787e-05
1.7559e-05
-6.9015e-06
1.7009e-05
6.5985e-05
7.0412e-05
3.6533e-05
2.8776e-05
3.4877e-05
1.8509e-06
-3.0159e-05
5.3418e-06
6.3702e-05
6.4692e-05
3.4682e-05
3.2359e-05
2.0461e-05
-2.1119e-05
-1.0875e-05
3.2428e-05
-2.85e-05
-0.0001656
-0.0002383
-0.00030434
-0.00049763
-0.00073143
-0.00091366
-0.0011999
-0.0016044
-0.0018282
-0.0018136
-0.0017191
-0.0013721
-0.00059528
0.00041731
0.0014755
0.0024178
0.0029523
0.0029338
0.0024142
0.0014961
0.00046721
-0.00019706
-0.00032403
-0.00011896
0.0003525
0.00088891
0.0010458
0.00078886
0.0001929
-0.00073118
-0.001699
-0.0025602
-0.0032532
-0.0034376
-0.0028511
-0.0016041
-5.0444e-05
0.0015201
0.0027886
0.0032589
0.0030715
0.0026514
0.0020481
0.0016939
0.0027274
0.0064718
0.0066526
-0.0082633
-0.017436
0.10784
0.2064
-0.76876
-2.3531
-4.2192
-4.7714
-4.852
-4.4431
-3.6711
-3.3078
-3.0603
-2.7444
-2.7479
-2.5551
-2.4093
-2.4103
-2.0966
-2.2166
-2.0824
-1.9527
-1.9743
-1.9007
-1.7511
-1.734
-1.692
-1.6366
-1.6259
-1.5984
-1.5006
-1.482
-1.3919
-1.4267
-1.3511
-1.2817
-1.32
-1.1787
-1.2228
-1.1936
-1.0973
-1.12
-1.0286
-0.90438
-0.888
-0.84428
-0.76339
-0.74753
-0.76215
-0.73626
-0.74206
-0.72599
-0.69925
-0.67512
-0.66588
-0.65348
-0.64726
-0.62672
-0.58293
-0.57549
-0.59334
-0.54176
-0.53302
-0.53534
-0.43132
-0.23118
-0.049972
-0.0019752
-0.0026603
0.0017987
0.0075618
0.0045712
-0.00050021
-0.0023078
0.00076339
0.0034333
0.011047
0.02082
-0.0011758
-0.097037
-0.17595
-0.21648
-0.15426
-0.072982
-0.0095677
-0.016892
-0.011641
-0.0079369
0.00071972
-0.00048179
-0.0017208
-0.0020163
-0.0012314
-0.0006454
-0.002576
-0.0015814
-0.0006861
-0.00093466
-0.0023191
-0.00048858
-0.00039555
-0.0010661
-0.0021112
-0.0011951
-0.00064637
-0.00047043
4.2095e-05
-0.00097953
-0.001208
-0.0023215
-0.0021276
0.00055939
-0.010513
-0.11924
-0.16999
-0.19475
-0.2288
-0.25573
-0.2113
-0.15388
-0.1409
-0.14297
-0.16016
-0.17186
-0.18303
-0.1472
-0.12093
-0.11958
-0.12123
-0.12788
-0.1499
-0.14965
-0.14629
-0.13534
-0.10754
-0.10955
-0.12803
-0.14461
-0.15239
-0.14125
-0.14841
-0.18772
-0.2103
-0.2196
-0.2205
-0.22296
-0.22687
-0.23519
-0.23676
-0.23355
-0.22705
-0.2181
-0.2218
-0.22397
-0.21658
-0.18103
-0.13545
-0.12079
-0.12863
-0.14292
-0.15055
-0.13061
-0.087777
-0.06596
-0.073706
-0.066602
-0.045402
-0.030411
-0.017074
-0.0065168
0.001095
0.0079291
0.010754
0.0059054
-7.7721e-05
-0.035278
-0.086666
-0.063263
-0.020129
-0.0092647
-0.038679
-0.073854
-0.10552
-0.15082
-0.1606
-0.12517
-0.071015
-0.027149
-0.041013
-0.086454
-0.12876
-0.15821
-0.18107
-0.19482
-0.18941
-0.17725
-0.16752
-0.15615
-0.15137
-0.13679
-0.087081
-0.038554
-0.026609
-0.046405
-0.074072
-0.096863
-0.11024
-0.11635
-0.10841
-0.091791
-0.064328
-0.029455
-0.015105
-0.024825
-0.035722
-0.022844
-0.0025154
-0.0019195
-0.0022624
-0.0019739
-0.0019422
-0.00043252
0.00083829
0.0022275
0.0025279
0.0016975
0.00082565
-4.7302e-05
-0.00017941
0.00058297
0.00054744
-0.00028802
-0.00071695
-0.00068542
-0.00035262
0.00038398
0.0018916
0.0029624
0.0019145
-0.00052576
-0.0021442
-0.0024434
-0.0022365
-0.00060229
0.0020637
0.0033395
0.0022511
0.00025092
-0.0014383
-0.0022616
