0
0
0
0
0
0
0
0
0
0
0
-1.8049e-220
-3.7685e-205
-3.63e-194
-6.3442e-185
-8.1252e-177
-1.5338e-169
-6.5024e-163
-8.2045e-157
-3.7693e-151
-7.3361e-146
-6.8054e-141
-3.3067e-136
-9.0892e-132
-1.5067e-127
-1.5892e-123
-1.1161e-119
-5.4227e-116
-1.8829e-112
-4.8031e-109
-9.2137e-106
-1.3559e-102
-1.5575e-99
-1.4176e-96
-1.0362e-93
-6.157e-91
-3.0067e-88
-1.219e-85
-4.1422e-83
-1.1899e-80
-2.9136e-78
-6.1273e-76
-1.1147e-73
-1.7662e-71
-2.4525e-69
-3.0023e-67
-3.2581e-65
-3.1506e-63
-2.7277e-61
-2.1237e-59
-1.4931e-57
-9.5148e-56
-5.5145e-54
-2.9158e-52
-1.4106e-50
-6.2599e-49
-2.5543e-47
-9.6035e-46
-3.3336e-44
-1.0703e-42
-3.1836e-41
-8.7867e-40
-2.2534e-38
-5.3768e-37
-1.1951e-35
-2.4774e-34
-4.7941e-33
-8.6692e-32
-1.4662e-30
-2.321e-29
-3.4416e-28
-4.7835e-27
-6.2357e-26
-7.628e-25
-8.7607e-24
-9.4502e-23
-9.5767e-22
-9.1151e-21
-8.1343e-20
-6.709e-19
-4.6427e-18
-1.5225e-17
3.1436e-19
9.7204e-17
6.5146e-16
3.6702e-15
1.9053e-14
9.2517e-14
4.2068e-13
1.7906e-12
7.1282e-12
2.6508e-11
9.1971e-11
2.9726e-10
8.9358e-10
2.4935e-09
6.4454e-09
1.5398e-08
3.3916e-08
6.8692e-08
1.2762e-07
2.1706e-07
3.3775e-07
4.8187e-07
6.3525e-07
7.8698e-07
9.4239e-07
1.1286e-06
1.3837e-06
1.7339e-06
2.1816e-06
2.7201e-06
3.3679e-06
4.1867e-06
5.2638e-06
6.68e-06
8.5073e-06
1.0835e-05
1.3764e-05
1.73e-05
2.1189e-05
2.4807e-05
2.7256e-05
2.7684e-05
2.5729e-05
2.1921e-05
1.7693e-05
1.4719e-05
1.3773e-05
1.4058e-05
1.3856e-05
1.2095e-05
9.3398e-06
7.113e-06
6.2265e-06
5.9945e-06
5.253e-06
3.8507e-06
2.698e-06
2.5594e-06
3.393e-06
4.7532e-06
6.1504e-06
7.0242e-06
7.0292e-06
6.4587e-06
5.9997e-06
6.0954e-06
6.7133e-06
7.5287e-06
8.2412e-06
8.7968e-06
9.1976e-06
9.3479e-06
9.4808e-06
1.0115e-05
1.1126e-05
1.1839e-05
1.2271e-05
1.2959e-05
1.3796e-05
1.4418e-05
1.5111e-05
1.6102e-05
1.6796e-05
1.6784e-05
1.69e-05
1.8144e-05
1.998e-05
2.1196e-05
2.1909e-05
2.2765e-05
2.3174e-05
2.2615e-05
2.2313e-05
2.3446e-05
2.5177e-05
2.6288e-05
2.7069e-05
2.7762e-05
2.7592e-05
2.7081e-05
2.7582e-05
2.7656e-05
2.4703e-05
1.9227e-05
1.235e-05
1.8337e-06
-1.4495e-05
-3.5754e-05
-6.2901e-05
-9.9492e-05
-0.00014378
-0.0001895
-0.00023347
-0.00027155
-0.00029392
-0.00029254
-0.0002649
-0.00021225
-0.00014215
-6.7656e-05
-1.9174e-06
4.4083e-05
6.4546e-05
6.4424e-05
5.6615e-05
5.1381e-05
5.5603e-05
7.3457e-05
9.912e-05
0.00012169
0.0001324
0.00012261
8.8427e-05
3.1785e-05
-4.4018e-05
-0.00012961
-0.00020745
-0.00025938
-0.00027446
-0.00025005
-0.0001904
-0.00011139
-3.2313e-05
3.8021e-05
9.4636e-05
0.00013898
0.00019382
0.00031933
0.00050258
0.00045766
2.1856e-05
0.0012561
0.0060298
-0.0016559
-0.045809
-0.13661
-0.25294
-0.37411
-0.48956
-0.58824
-0.6732
-0.75216
-0.8233
-0.89147
-0.95785
-1.0184
-1.0794
-1.1343
-1.1881
-1.2423
-1.2915
-1.3409
-1.3891
-1.4343
-1.4775
-1.5204
-1.5617
-1.6023
-1.6428
-1.681
-1.7183
-1.7538
-1.789
-1.8239
-1.856
-1.889
-1.9197
-1.9496
-1.98
-2.0082
-2.0359
-2.0627
-2.0862
-2.1085
-2.1301
-2.1498
-2.1685
-2.1875
-2.2062
-2.2246
-2.243
-2.2607
-2.2778
-2.2945
-2.3109
-2.3271
-2.343
-2.358
-2.3723
-2.3871
-2.4012
-2.4144
-2.4279
-2.4398
-2.4474
-2.4501
-2.4503
-2.4504
-2.4504
-2.4502
-2.4501
-2.4501
-2.4501
-2.4501
-2.4501
-2.4499
-2.4494
-2.4491
-2.4507
-2.4543
-2.4596
-2.4641
-2.4667
-2.4673
-2.4676
-2.468
-2.4683
-2.4683
-2.4683
-2.4683
-2.4684
-2.4684
-2.4684
-2.4685
-2.4685
-2.4686
-2.4686
-2.4686
-2.4687
-2.4687
-2.4687
-2.4687
-2.4688
-2.4688
-2.4688
-2.4688
-2.4688
-2.4689
-2.4689
-2.469
-2.469
-2.469
-2.471
-2.475
-2.4796
-2.485
-2.4912
-2.497
-2.5013
-2.5049
-2.5084
-2.5123
-2.5164
-2.521
-2.525
-2.5282
-2.5312
-2.5342
-2.5373
-2.5409
-2.5447
-2.5483
-2.5519
-2.5548
-2.5574
-2.5605
-2.564
-2.5677
-2.5714
-2.575
-2.5793
-2.5844
-2.5898
-2.5953
-2.6009
-2.6065
-2.6123
-2.6182
-2.6241
-2.6299
-2.6354
-2.6409
-2.6465
-2.652
-2.6569
-2.6606
-2.6637
-2.6668
-2.6703
-2.674
-2.6775
-2.6801
-2.6818
-2.6836
-2.6854
-2.6867
-2.6876
-2.6881
-2.6884
-2.6884
-2.6883
-2.688
-2.6878
-2.6878
-2.6882
-2.6901
-2.6919
-2.6928
-2.693
-2.6937
-2.6953
-2.6976
-2.701
-2.705
-2.7085
-2.7108
-2.7118
-2.7126
-2.7143
-2.7172
-2.7209
-2.7252
-2.73
-2.7348
-2.7394
-2.7436
-2.7476
-2.7514
-2.755
-2.7577
-2.7591
-2.7597
-2.7607
-2.7623
-2.7645
-2.7672
-2.7701
-2.7729
-2.7753
-2.7772
-2.7782
-2.7787
-2.7792
-2.78
-2.7807
-2.781
-2.781
-2.7811
-2.7811
-2.7812
-2.7812
-2.7812
-2.7811
-2.7811
-2.781
-2.781
-2.781
-2.781
-2.781
-2.781
-2.781
-2.781
-2.781
-2.781
-2.781
-2.781
-2.7809
-2.7809
-2.7808
-2.7809
-2.7809
-2.781
-2.781
-2.781
-2.7809
-2.7809
-2.7808
-2.7809
-2.7809
