0
0
0
0
0
0
0
0
0
0
0
0
-7.7413e-235
-3.1336e-220
-5.0091e-209
-1.5283e-199
-3.3536e-191
-1.0293e-183
-6.4e-177
-9.1999e-171
-8.181e-166
3.1725e-159
1.3125e-153
2.0042e-148
1.4772e-143
5.9143e-139
1.3876e-134
2.0189e-130
1.9057e-126
1.2116e-122
5.3564e-119
1.692e-115
3.9101e-112
6.7455e-109
8.8371e-106
8.9168e-103
7.0057e-100
4.3168e-97
2.0904e-94
7.9019e-92
2.2722e-89
4.5658e-87
4.0813e-85
-1.209e-82
-7.1949e-80
-2.1629e-77
-4.8076e-75
-8.6639e-73
-1.3179e-70
-1.7315e-68
-1.995e-66
-2.0379e-64
-1.8607e-62
-1.528e-60
-1.1339e-58
-7.6321e-57
-4.6742e-55
-2.6113e-53
-1.3337e-51
-6.2406e-50
-2.6803e-48
-1.0586e-46
-3.8522e-45
-1.2937e-43
-4.017e-42
-1.1551e-40
-3.0816e-39
-7.6389e-38
-1.7622e-36
-3.789e-35
-7.6041e-34
-1.4263e-32
-2.5039e-31
-4.1192e-30
-6.3584e-29
-9.2202e-28
-1.2571e-26
-1.6123e-25
-1.9452e-24
-2.2055e-23
-2.3461e-22
-2.3343e-21
-2.1618e-20
-1.8442e-19
-1.4007e-18
-8.4756e-18
-2.2745e-17
-2.5756e-17
-3.3405e-17
9.153e-18
6.7332e-16
5.8972e-15
3.7705e-14
2.0157e-13
9.4082e-13
3.909e-12
1.4608e-11
4.9413e-11
1.5192e-10
4.2588e-10
1.0916e-09
2.5643e-09
5.5309e-09
1.0964e-08
1.9957e-08
3.3246e-08
5.0403e-08
6.9115e-08
8.5663e-08
9.7767e-08
1.0887e-07
1.2912e-07
1.6776e-07
2.2097e-07
2.717e-07
3.122e-07
3.6716e-07
4.7692e-07
6.4701e-07
8.359e-07
1.0184e-06
1.2371e-06
1.5423e-06
1.8945e-06
2.1872e-06
2.3612e-06
2.4261e-06
2.3624e-06
2.0874e-06
1.5565e-06
8.6598e-07
2.1957e-07
-2.3221e-07
-5.5966e-07
-1.0637e-06
-2.0334e-06
-3.3745e-06
-4.5127e-06
-4.9137e-06
-4.788e-06
-4.9627e-06
-5.8968e-06
-7.2114e-06
-8.3379e-06
-9.0968e-06
-9.4503e-06
-9.3789e-06
-9.3027e-06
-9.9064e-06
-1.1218e-05
-1.2511e-05
-1.3225e-05
-1.3369e-05
-1.3218e-05
-1.3287e-05
-1.414e-05
-1.5704e-05
-1.718e-05
-1.7872e-05
-1.7808e-05
-1.7609e-05
-1.7909e-05
-1.8725e-05
-1.9524e-05
-2.0113e-05
-2.0982e-05
-2.2321e-05
-2.3367e-05
-2.3712e-05
-2.4681e-05
-2.7938e-05
-3.3529e-05
-4.1016e-05
-5.0445e-05
-6.036e-05
-6.7905e-05
-7.1979e-05
-7.3608e-05
-7.425e-05
-7.581e-05
-8.021e-05
-8.7627e-05
-9.7123e-05
-0.00010887
-0.00012328
-0.0001387
-0.00015053
-0.00015234
-0.00014417
-0.00013861
-0.00014547
-0.00015895
-0.00017528
-0.00020433
-0.00025049
-0.00030684
-0.00037265
-0.00044876
-0.00052437
-0.000591
-0.00064536
-0.00067292
-0.00065963
-0.00061025
-0.00054275
-0.00047801
-0.00042655
-0.00038953
-0.00037416
-0.00037838
-0.00038368
-0.00038085
-0.00035861
-0.00029749
-0.00020495
-9.7206e-05
2.1424e-05
0.00012161
0.000168
0.00016378
0.00013066
8.0584e-05
3.0801e-05
2.4975e-05
9.1303e-05
0.00023079
0.00030983
-0.00010361
-0.0003738
0.0027178
0.0058656
-0.014515
-0.075941
-0.18044
-0.30433
-0.42809
-0.53794
-0.63458
-0.71937
-0.8002
-0.87516
-0.9459
-1.0142
-1.0813
-1.1479
-1.2113
-1.2739
-1.3351
-1.3956
-1.4541
-1.5113
-1.5689
-1.6238
-1.6795
-1.7344
-1.7877
-1.8415
-1.894
-1.9459
-1.9967
-2.0469
-2.0975
-2.1464
-2.1947
-2.2436
-2.2916
-2.3395
-2.3858
-2.4314
-2.4786
-2.5236
-2.5685
-2.6134
-2.6572
-2.7007
-2.7439
-2.7868
-2.8292
-2.8707
-2.9114
-2.9516
-2.9912
-3.0296
-3.0669
-3.1034
-3.139
-3.1747
-3.2103
-3.245
-3.2792
-3.3131
-3.3459
-3.377
-3.406
-3.4302
-3.4492
-3.4656
-3.4803
-3.4945
-3.5086
-3.523
-3.5371
-3.5508
-3.5647
-3.5781
-3.5914
-3.6052
-3.6198
-3.6359
-3.653
-3.6699
-3.6849
-3.696
-3.7029
-3.7075
-3.7117
-3.7157
-3.7182
-3.7188
-3.7187
-3.7187
-3.7189
-3.7189
-3.7188
-3.7188
-3.7189
-3.7189
-3.7188
-3.7188
-3.7189
-3.7188
-3.7188
-3.7188
-3.7188
-3.7188
-3.7188
-3.7188
-3.7188
-3.7188
-3.7188
-3.7187
-3.7187
-3.7188
-3.7188
-3.7187
-3.7186
-3.7185
-3.7186
-3.7186
-3.7185
-3.7184
-3.7184
-3.7184
-3.7185
-3.7186
-3.7186
-3.7185
-3.7184
-3.7183
-3.7183
-3.7182
-3.7182
-3.7182
-3.7182
-3.7182
-3.7181
-3.7181
-3.7182
-3.7182
-3.7182
-3.7182
-3.7182
-3.7182
-3.7181
-3.7181
-3.7181
-3.7181
-3.7181
-3.7181
-3.7181
-3.7181
-3.7181
-3.7182
-3.7182
-3.7182
-3.7182
-3.7181
-3.718
-3.718
-3.7181
-3.7183
-3.7184
-3.7184
-3.7182
-3.7181
-3.718
-3.7182
-3.7183
-3.7184
-3.7184
-3.7182
-3.7181
-3.7182
-3.7182
-3.7183
-3.7182
-3.7181
-3.718
-3.7179
-3.7179
-3.718
-3.7184
-3.7189
-3.7199
-3.7218
-3.7243
-3.7268
-3.7295
-3.733
-3.7378
-3.7446
-3.7527
-3.7608
-3.7676
-3.7724
-3.7758
-3.7776
-3.7782
-3.7781
-3.778
-3.7779
-3.7778
-3.7776
-3.7775
-3.7774
-3.7775
-3.7775
-3.7775
-3.7774
-3.7774
-3.7774
-3.7774
-3.7774
-3.7774
-3.7774
-3.7774
-3.7774
-3.7775
-3.7775
-3.7775
-3.7775
-3.7775
-3.7775
-3.7775
-3.7775
-3.7775
-3.7775
-3.7775
-3.7774
-3.7774
-3.7774
-3.7774
-3.7775
-3.7775
-3.7775
-3.7775
-3.7774
-3.7774
-3.7774
-3.7774
-3.7774
-3.7774
-3.7774
-3.7774
-3.7773
-3.7774
-3.7774
-3.7774
-3.7775
-3.7775
-3.7775
