0
0
0
0
0
0
0
0
0
-5.1421e-213
-1.5148e-161
-4.2178e-150
-6.8481e-141
-5.2593e-133
-4.8569e-126
-9.1294e-120
-4.8616e-114
-9.1371e-109
-7.0641e-104
-2.5192e-99
-4.5529e-95
-4.5442e-91
-2.7293e-87
-1.0771e-83
-3.0227e-80
-6.3369e-77
-1.0056e-73
-1.202e-70
-1.0789e-67
-7.3127e-65
-3.7887e-62
-1.5234e-59
-4.8305e-57
-1.2265e-54
-2.5294e-52
-4.2914e-50
-6.0587e-48
-7.1913e-46
-7.2412e-44
-6.2359e-42
-4.6261e-40
-2.9757e-38
-1.6693e-36
-8.2112e-35
-3.5587e-33
-1.365e-31
-4.6522e-30
-1.4143e-28
-3.8479e-27
-9.3991e-26
-2.0671e-24
-4.1034e-23
-7.3696e-22
-1.1999e-20
-1.7739e-19
-2.3795e-18
-2.8483e-17
-2.563e-16
-5.6962e-16
-6.8532e-16
-7.1152e-15
-5.7325e-14
-4.1747e-13
-2.7618e-12
-1.6604e-11
-9.066e-11
-4.4906e-10
-2.0149e-09
-8.1751e-09
-2.9926e-08
-9.8573e-08
-2.9121e-07
-7.6859e-07
-1.8038e-06
-3.744e-06
-6.8303e-06
-1.0884e-05
-1.508e-05
-1.8228e-05
-1.9724e-05
-2.0559e-05
-2.3142e-05
-2.9479e-05
-3.9239e-05
-5.0111e-05
-6.0679e-05
-7.2944e-05
-9.1279e-05
-0.00011828
-0.00015267
-0.00019397
-0.00024931
-0.00032971
-0.00043509
-0.00054599
-0.00062934
-0.00064433
-0.00055087
-0.00034339
-8.9225e-05
9.0485e-05
0.00010838
-6.7772e-06
-0.00012205
-0.00012075
-2.041e-05
5.9027e-05
5.0607e-05
8.1231e-06
-2.5503e-06
2.1796e-06
-1.2947e-05
-3.5704e-05
-5.9178e-05
-0.00010927
-0.0001894
-0.00027223
-0.00032571
-0.00031688
-0.00025823
-0.00021789
-0.00022032
-0.00024446
-0.00030951
-0.00039664
-0.00040833
-0.0003514
-0.00033636
-0.00037074
-0.00039854
-0.00043838
-0.0005335
-0.0006398
-0.00061645
-0.00049197
-0.00053399
-0.0007119
-0.00072743
-0.00070545
-0.00091439
-0.0011394
-0.0011648
-0.0013709
-0.0020595
-0.0026773
-0.0029772
-0.0036799
-0.0046515
-0.0050979
-0.0052462
-0.0051366
-0.0040638
-0.0021512
-0.00035948
0.0009981
0.0021105
0.0021175
0.0010032
0.00034008
8.2181e-05
-3.8749e-06
0.00040252
0.00098377
0.0021984
0.0031392
0.003003
0.002886
0.0020712
0.00069438
-0.00030661
-0.0022279
-0.0034688
-0.0018217
0.00061074
0.0043118
0.0088289
0.0026752
-0.016623
0.010971
0.13569
0.03323
-0.97152
-2.4398
-3.7494
-4.3525
-4.4073
-3.9523
-3.444
-2.92
-2.83
-2.6282
-2.3214
-2.1935
-2.1673
-2.0237
-1.9164
-1.8435
-1.7426
-1.7119
-1.5955
-1.5859
-1.4475
-1.4417
-1.3543
-1.2347
-1.2022
-1.1743
-1.138
-1.0895
-1.0989
-0.99497
-0.95651
-0.92566
-0.88907
-0.88555
-0.8442
-0.80614
-0.75834
-0.73565
-0.74534
-0.70165
-0.64387
-0.6777
-0.65326
-0.59047
-0.58732
-0.58909
-0.54947
-0.52228
-0.53576
-0.54796
-0.50646
-0.47095
-0.49732
-0.46463
-0.4355
-0.42277
-0.42027
-0.42899
-0.39518
-0.37391
-0.36176
-0.33155
-0.35071
-0.3983
-0.34378
-0.28892
-0.25827
-0.19415
-0.14151
-0.11579
-0.10188
-0.085287
-0.092147
-0.11049
-0.11483
-0.10361
-0.089471
-0.092211
-0.10891
-0.096383
-0.089944
-0.10553
-0.089048
-0.073225
-0.061959
-0.049944
-0.062391
-0.07164
-0.080744
-0.076765
-0.047967
-0.02326
-0.032242
-0.059192
-0.059059
-0.019973
-0.020643
-0.029003
-0.0064467
-0.0068968
-0.010254
-0.010163
-0.012693
-0.011899
-0.027415
-0.032432
-0.0064288
-0.016038
-0.023424
-0.0023627
0.0025379
-0.0027244
-0.0064432
-0.001863
-0.022097
-0.034729
-0.012707
-0.011164
-0.0046766
0.00058226
-0.0037048
-0.025348
-0.034519
-0.02832
-0.010033
0.00077227
0.0021106
-0.0037051
-0.014317
-0.025372
-0.024386
-0.0031443
0.0037042
0.0003683
-0.010049
-0.011528
-0.009783
-0.001458
0.0033785
0.0024205
-0.0022432
-0.002835
-0.0044371
-0.0035153
0.00052884
0.003016
-0.0031061
-0.074351
-0.13284
-0.10879
-0.068586
-0.038891
-0.035866
-0.051717
-0.037831
-0.037809
-0.067013
-0.064533
-0.070628
-0.10762
-0.14563
-0.18682
-0.23686
-0.28276
-0.3281
-0.38955
-0.45685
-0.53125
-0.61464
-0.68392
-0.73099
-0.76453
-0.77884
-0.78389
-0.78696
-0.78683
-0.8101
-0.84931
-0.8748
-0.91768
-0.97707
-0.99688
-0.94687
-0.82381
-0.6868
-0.6166
-0.62191
-0.64674
-0.62818
-0.58074
-0.55514
-0.56029
-0.57317
-0.54744
-0.47947
-0.40934
-0.333
-0.25913
-0.22193
-0.1945
-0.15856
-0.13795
-0.13114
-0.12882
-0.1268
-0.12748
-0.14515
-0.15795
-0.13338
-0.083377
-0.029639
-0.0015873
0.0019924
0.0017023
-0.0069385
-0.0084764
-0.019486
-0.067428
-0.10577
-0.10255
-0.077409
-0.057635
-0.072904
-0.10434
-0.098539
-0.061099
-0.031338
-0.034446
-0.056035
-0.065235
-0.061575
-0.059678
-0.053276
-0.038632
-0.023986
-0.014807
-0.00749
-0.0025224
-0.0022097
-0.00011922
0.002683
0.0025809
-0.0007786
-0.0027947
-0.0016521
0.0012051
0.0025551
0.0016288
0.00030049
-0.00029989
0.00011091
2.1751e-05
-0.00083231
-0.00099237
-0.00031913
0.00031732
0.0006316
0.00091315
0.0008703
0.00030797
-0.00042689
-0.00051101
0.00098478
0.0021193
0.00071911
-0.0017119
-0.0026791
-0.0016452
0.00037497
0.0021253
0.002904
0.0021735
0.00040214
-0.0013158
-0.0024848
-0.0026435
-0.0011374
0.0016585
0.0037402
0.0035304
0.00091476
-0.0023543
-0.0040627
-0.0032637
-0.00048005
0.0025367
0.0035772
0.002029
-0.00034529
-0.0018483
-0.0018211
-0.00027342
0.0013131
0.0013482
0.00034742
-0.00040076
-0.00048171
-0.0003479
-0.00029543
-0.00030472
