0
0
0
0
0
0
0
0
0
0
0
0
0
0
0
0
0
0
0
0
0
0
0
0
0
0
0
0
0
0
0
0
0
0
0
0
0
0
0
0
0
0
0
0
0
0
0
0
0
0
0
0
0
0
0
0
0
0
0
0
0
0
0
0
0
0
0
0
0
0
0
0
0
0
0
0
0
0
0
0
0
0
0
0
0
0
7.4506e-09
1.4901e-08
1.0431e-07
5.4389e-07
2.6971e-06
1.2301e-05
5.1692e-05
0.00020035
0.0007157
0.0023574
0.0071672
0.020142
0.052385
0.12599
0.27872
0.55903
0.98577
1.4286
1.3924
-0.14851
-4.3969
-11.273
-17.186
-14.701
2.0144
26.89
38.762
19.81
-13.934
-13.736
42.704
95.998
57.945
-54.899
-101.6
8.255
189.34
334.96
518.12
862.09
1252
1392
1176.3
836.92
687.77
797.65
896.73
613.23
-53.481
-471.22
130.45
1591.3
2459.6
1424.8
-792.61
-1973.6
-1121.9
570.23
1725.2
2059.5
1396.9
-389.41
-1946.8
-1334.4
1140.6
3183.5
3451.8
2145.5
-109.97
-1864.9
-1277.8
1278.3
3064.9
2315
-37.91
-1974.4
-2432.7
-2003.8
-1945.6
-2195.9
-1233.7
1196.9
2841.3
2529.2
3422.5
9473.1
21111
38223
61717
87798
1.0854e+05
1.2013e+05
1.2396e+05
1.2324e+05
1.2409e+05
1.3291e+05
1.4966e+05
1.7042e+05
1.9511e+05
2.2468e+05
2.5449e+05
2.7288e+05
2.631e+05
2.2349e+05
1.8396e+05
1.6613e+05
1.4958e+05
1.1974e+05
97612
86744
62191
25683
-6583.7
-45205
-88670
-1.1451e+05
-1.3465e+05
-1.7448e+05
-2.285e+05
-2.8246e+05
-3.3207e+05
-3.8712e+05
-4.5806e+05
-5.2795e+05
-5.8744e+05
-6.4919e+05
-6.9971e+05
-7.3991e+05
-8.0224e+05
-8.6596e+05
-9.0809e+05
-9.6236e+05
-1.0119e+06
-1.0014e+06
-9.4929e+05
-9.0307e+05
-8.4516e+05
-7.4113e+05
-6.203e+05
-4.698e+05
-2.7477e+05
-1.5624e+05
-68761
1.5129e+05
3.5969e+05
2.9484e+05
6.2527e+05
9.4205e+05
1.0574e+06
1.005e+06
1.3464e+06
1.2329e+06
1.5004e+06
1.5094e+06
1.8744e+06
1.9879e+06
1.8868e+06
1.9755e+06
2.3182e+06
2.0433e+06
2.158e+06
2.1499e+06
2.2852e+06
2.351e+06
2.3397e+06
2.4147e+06
2.3495e+06
2.3278e+06
2.3283e+06
2.4779e+06
2.2364e+06
2.3087e+06
2.3412e+06
2.2117e+06
2.1079e+06
2.1929e+06
2.1952e+06
2.051e+06
1.9724e+06
1.9749e+06
2.067e+06
1.9763e+06
1.7891e+06
1.8277e+06
1.8325e+06
1.489e+06
1.5017e+06
1.5171e+06
1.4059e+06
1.3389e+06
1.3149e+06
1.2901e+06
1.1665e+06
1.016e+06
1.0752e+06
9.8341e+05
7.2231e+05
7.6282e+05
6.1391e+05
4.9028e+05
6.0963e+05
4.5169e+05
2.4669e+05
3.3546e+05
2.4241e+05
1.4588e+05
1.1944e+05
-9588.1
-32011
-80037
-1.9683e+05
-2.4733e+05
-2.9907e+05
-3.7955e+05
-4.4566e+05
-5.0005e+05
-5.3767e+05
-5.7139e+05
-7.0117e+05
-7.862e+05
-7.5535e+05
-7.6826e+05
-8.1366e+05
-7.5622e+05
-8.0051e+05
-8.7512e+05
-8.4043e+05
-8.4814e+05
-8.0688e+05
-7.7989e+05
-6.0177e+05
-1.6935e+05
2.4653e+05
6.2989e+05
9.3473e+05
9.0042e+05
8.3568e+05
1.0618e+06
1.0994e+06
1.0739e+06
1.2124e+06
1.2896e+06
1.286e+06
1.2767e+06
1.4316e+06
1.5169e+06
1.4176e+06
1.4285e+06
1.597e+06
1.6735e+06
1.6399e+06
1.7895e+06
2.0243e+06
2.0622e+06
2.1054e+06
2.3019e+06
2.434e+06
2.4487e+06
2.525e+06
2.6353e+06
2.6677e+06
2.6696e+06
2.6225e+06
2.5371e+06
2.561e+06
2.5932e+06
2.4905e+06
2.3584e+06
2.2957e+06
2.328e+06
2.3007e+06
2.1354e+06
2.0514e+06
2.1313e+06
2.1391e+06
2.0917e+06
2.018e+06
1.9042e+06
1.9649e+06
2.0807e+06
2.0407e+06
1.9521e+06
1.9041e+06
1.8899e+06
1.9271e+06
1.9922e+06
2.0337e+06
1.9954e+06
1.9386e+06
1.9827e+06
2.0739e+06
2.1114e+06
2.0938e+06
2.0799e+06
2.1026e+06
2.1169e+06
2.127e+06
2.1753e+06
2.1884e+06
2.1477e+06
2.1154e+06
2.0848e+06
2.0456e+06
2.0047e+06
2.011e+06
2.056e+06
2.0776e+06
2.0726e+06
2.0248e+06
1.8979e+06
1.7299e+06
1.5772e+06
1.4776e+06
1.4599e+06
1.484e+06
1.4671e+06
1.3469e+06
1.1976e+06
1.171e+06
1.3085e+06
1.4798e+06
1.5243e+06
1.4039e+06
1.2215e+06
1.1502e+06
1.2226e+06
1.3245e+06
1.3212e+06
1.2885e+06
1.2782e+06
1.2884e+06
1.3218e+06
1.3779e+06
1.3649e+06
1.2475e+06
1.0661e+06
9.9198e+05
1.0321e+06
1.2012e+06
1.4178e+06
1.5904e+06
1.7147e+06
1.7644e+06
1.7677e+06
1.7507e+06
1.7388e+06
1.7584e+06
1.7608e+06
1.8153e+06
1.9198e+06
1.9842e+06
2.0097e+06
2.0576e+06
2.1579e+06
2.2564e+06
2.2887e+06
2.3071e+06
2.3701e+06
2.4591e+06
2.4364e+06
2.2896e+06
2.1075e+06
1.9701e+06
1.8621e+06
1.7393e+06
1.648e+06
1.6569e+06
1.7602e+06
1.8806e+06
1.9373e+06
1.8995e+06
1.8202e+06
1.7634e+06
1.7449e+06
1.7481e+06
1.7661e+06
1.7887e+06
1.7663e+06
1.6778e+06
1.5833e+06
1.5353e+06
1.544e+06
1.5864e+06
1.6435e+06
1.6801e+06
1.654e+06
1.5826e+06
1.5306e+06
1.5585e+06
1.6544e+06
1.7565e+06
1.8259e+06
1.831e+06
1.7643e+06
1.6704e+06
