0
0
0
0
0
0
0
0
0
0
0
0
0
0
0
0
0
0
0
0
0
0
0
0
0
0
0
0
0
0
0
0
0
0
0
0
0
0
0
0
0
0
0
0
0
0
0
0
0
0
0
0
0
0
0
0
0
0
0
0
0
0
0
0
0
0
0
0
0
0
0
0
0
0
0
0
0
0
0
0
-1.5042e-15
-3.0084e-15
-2.2352e-08
-1.7881e-07
-1.1101e-06
-6.2585e-06
-3.3133e-05
-0.00016452
-0.00076634
-0.0033463
-0.013688
-0.0524
-0.18757
-0.62717
-1.9564
-5.6866
-15.381
-38.66
-90.174
-194.95
-390.31
-723.47
-1242.6
-1983.2
-2957.4
-4159.8
-5594.7
-7313.4
-9433.6
-12120
-15540
-19842
-25198
-31873
-40280
-50964
-64581
-81920
-1.0392e+05
-1.3153e+05
-1.6531e+05
-2.0481e+05
-2.4821e+05
-2.9237e+05
-3.3368e+05
-3.6951e+05
-3.9974e+05
-4.271e+05
-4.5557e+05
-4.8763e+05
-5.2241e+05
-5.5682e+05
-5.8854e+05
-6.1809e+05
-6.4787e+05
-6.794e+05
-7.1213e+05
-7.4482e+05
-7.7748e+05
-8.1147e+05
-8.4817e+05
-8.8832e+05
-9.3188e+05
-9.779e+05
-1.0247e+06
-1.0712e+06
-1.1175e+06
-1.165e+06
-1.2146e+06
-1.2664e+06
-1.3199e+06
-1.375e+06
-1.4315e+06
-1.4888e+06
-1.547e+06
-1.6069e+06
-1.6694e+06
-1.7341e+06
-1.7998e+06
-1.8668e+06
-1.9353e+06
-2.0055e+06
-2.0777e+06
-2.1524e+06
-2.2284e+06
-2.3044e+06
-2.3802e+06
-2.4581e+06
-2.5397e+06
-2.6244e+06
-2.7107e+06
-2.7978e+06
-2.886e+06
-2.9757e+06
-3.068e+06
-3.1636e+06
-3.263e+06
-3.3658e+06
-3.4701e+06
-3.5745e+06
-3.6796e+06
-3.7852e+06
-3.8905e+06
-3.9972e+06
-4.1055e+06
-4.2108e+06
-4.3083e+06
-4.3938e+06
-4.4569e+06
-4.482e+06
-4.4604e+06
-4.3847e+06
-4.2402e+06
-4.015e+06
-3.7091e+06
-3.3306e+06
-2.8973e+06
-2.4355e+06
-1.979e+06
-1.5728e+06
-1.2545e+06
-1.0358e+06
-9.1435e+05
-8.7819e+05
-8.9204e+05
-9.1065e+05
-9.2262e+05
-9.4219e+05
-9.6682e+05
-1.0038e+06
-1.0812e+06
-1.2021e+06
-1.352e+06
-1.5114e+06
-1.6414e+06
-1.7038e+06
-1.6697e+06
-1.5121e+06
-1.2275e+06
-8.4228e+05
-4.0054e+05
40640
4.2978e+05
7.3602e+05
9.5376e+05
1.0935e+06
1.1739e+06
1.2232e+06
1.2401e+06
1.1656e+06
9.3076e+05
5.8915e+05
6.1584e+05
1.3149e+06
-2.1819e+06
-8.3408e+06
-8.1115e+06
-4.119e+06
6.8766e+05
5.982e+06
8.089e+06
8.0838e+06
8.1705e+06
8.4324e+06
8.4129e+06
8.3851e+06
8.5739e+06
8.4805e+06
8.5872e+06
8.5875e+06
8.5907e+06
8.6556e+06
8.535e+06
8.7636e+06
8.6535e+06
8.5731e+06
8.7969e+06
8.5751e+06
8.6885e+06
8.7075e+06
8.6004e+06
8.6286e+06
8.6738e+06
8.6142e+06
8.6551e+06
8.6436e+06
8.5837e+06
8.5487e+06
8.538e+06
8.58e+06
8.5e+06
8.4812e+06
8.4063e+06
8.3974e+06
8.2903e+06
8.1758e+06
8.215e+06
8.1252e+06
8.0653e+06
8.167e+06
8.0496e+06
8.041e+06
8.0368e+06
7.9719e+06
7.9789e+06
7.9769e+06
7.8978e+06
7.8621e+06
7.8437e+06
7.806e+06
7.7825e+06
7.7659e+06
7.7262e+06
7.7009e+06
7.6642e+06
7.6761e+06
7.6646e+06
7.5701e+06
7.9825e+06
8.2555e+06
8.5336e+06
8.834e+06
8.7757e+06
8.678e+06
8.7219e+06
8.7612e+06
8.8255e+06
8.8837e+06
8.6641e+06
7.8743e+06
7.3035e+06
7.3352e+06
7.3633e+06
7.4974e+06
7.729e+06
8.0351e+06
8.2685e+06
8.3597e+06
8.4021e+06
8.6352e+06
8.6886e+06
8.7412e+06
8.8736e+06
8.9723e+06
9.0576e+06
9.1293e+06
9.2235e+06
9.3429e+06
9.4642e+06
9.5654e+06
9.6602e+06
9.6923e+06
9.7314e+06
9.7895e+06
9.8855e+06
9.9984e+06
1.0075e+07
1.008e+07
1.0061e+07
1.01e+07
1.0086e+07
1.0025e+07
9.9082e+06
9.7361e+06
9.7436e+06
9.6946e+06
9.6941e+06
9.7119e+06
9.6755e+06
9.6405e+06
9.7163e+06
9.7901e+06
9.7901e+06
9.7272e+06
9.6793e+06
9.706e+06
9.7303e+06
9.7473e+06
9.7168e+06
9.6848e+06
9.6965e+06
9.7051e+06
9.6931e+06
9.7066e+06
9.694e+06
9.6775e+06
9.6834e+06
9.6851e+06
9.6991e+06
9.7345e+06
9.7343e+06
9.7515e+06
9.8237e+06
9.8412e+06
9.8295e+06
9.8065e+06
9.7942e+06
9.7964e+06
9.8326e+06
9.8696e+06
9.8729e+06
9.8411e+06
9.8379e+06
9.8833e+06
9.8973e+06
9.8613e+06
9.8178e+06
9.7909e+06
9.7884e+06
9.8091e+06
9.8218e+06
9.815e+06
9.8007e+06
9.828e+06
9.8715e+06
9.8558e+06
9.7751e+06
9.7095e+06
9.7117e+06
9.7525e+06
9.812e+06
9.9944e+06
1.017e+07
1.0209e+07
1.0069e+07
9.8237e+06
9.7934e+06
9.892e+06
9.9327e+06
9.928e+06
9.9157e+06
9.8929e+06
9.8957e+06
9.9351e+06
9.9882e+06
9.9674e+06
9.9047e+06
9.8404e+06
9.8207e+06
9.8839e+06
9.9334e+06
9.9161e+06
9.8896e+06
9.8551e+06
9.8463e+06
9.8702e+06
9.8951e+06
9.9159e+06
9.8965e+06
9.8562e+06
9.829e+06
9.8407e+06
9.8747e+06
9.9102e+06
9.8955e+06
9.8252e+06
9.7521e+06
9.7382e+06
9.8284e+06
9.9536e+06
1.0011e+07
9.9912e+06
9.9308e+06
9.8686e+06
9.831e+06
9.8346e+06
9.8465e+06
9.8755e+06
9.9153e+06
9.8823e+06
9.7998e+06
9.7803e+06
9.8679e+06
1.0042e+07
1.0206e+07
1.0288e+07
1.0277e+07
1.0187e+07
1.0093e+07
1.0082e+07
1.0147e+07
1.0207e+07
1.0195e+07
1.0124e+07
1.0078e+07
1.0122e+07
1.0266e+07
1.0444e+07
1.0509e+07
1.0408e+07
1.0219e+07
1.0075e+07
1.0049e+07
1.0126e+07
1.0292e+07
1.0468e+07
1.055e+07
1.0515e+07
1.0416e+07
1.0301e+07
1.0212e+07
