0
0
0
0
0
0
0
0
0
0
0
0
0
0
0
0
0
0
0
0
0
0
0
0
0
0
0
0
0
0
0
0
0
0
0
0
0
0
0
0
0
-1.4901e-08
-1.2666e-07
-1.4976e-06
-1.578e-05
-0.0001459
-0.0011801
-0.0083521
-0.051723
-0.28018
-1.3268
-5.4891
-19.823
-62.45
-171.59
-411.52
-863.72
-1595.9
-2624.8
-3914.2
-5436.5
-7262.5
-9592.8
-12667
-16609
-21417
-27231
-34565
-44061
-56072
-70941
-89740
-1.143e+05
-1.4665e+05
-1.8865e+05
-2.4176e+05
-3.0586e+05
-3.7802e+05
-4.5293e+05
-5.2596e+05
-5.9662e+05
-6.6905e+05
-7.4835e+05
-8.3581e+05
-9.2836e+05
-1.0229e+06
-1.1195e+06
-1.2201e+06
-1.3261e+06
-1.4382e+06
-1.5562e+06
-1.6798e+06
-1.8095e+06
-1.9448e+06
-2.086e+06
-2.2367e+06
-2.4008e+06
-2.5779e+06
-2.7651e+06
-2.9622e+06
-3.1686e+06
-3.3835e+06
-3.6121e+06
-3.8601e+06
-4.1268e+06
-4.4078e+06
-4.7006e+06
-5.007e+06
-5.3238e+06
-5.6432e+06
-5.9616e+06
-6.2618e+06
-6.505e+06
-6.6542e+06
-6.6825e+06
-6.5738e+06
-6.327e+06
-5.9828e+06
-5.6259e+06
-5.299e+06
-5.0159e+06
-4.8103e+06
-4.6469e+06
-4.4593e+06
-4.2184e+06
-3.8886e+06
-3.4487e+06
-2.9061e+06
-2.2419e+06
-1.4303e+06
-6.5518e+05
-1.6321e+05
-57556
-1.8622e+05
3.793e+05
1.7616e+06
-3.7164e+05
-6.3646e+06
-6.7272e+06
-3.9296e+06
-2.1432e+05
3.4333e+06
7.1144e+06
1.011e+07
1.0821e+07
1.0704e+07
1.0883e+07
1.0713e+07
1.0562e+07
1.0365e+07
1.0432e+07
1.0248e+07
1.0044e+07
9.7936e+06
9.8481e+06
9.5838e+06
9.3953e+06
9.3477e+06
9.273e+06
9.018e+06
8.9435e+06
8.8505e+06
8.606e+06
8.4682e+06
8.3509e+06
8.2065e+06
8.1086e+06
7.9939e+06
7.8663e+06
7.8087e+06
7.7103e+06
7.626e+06
7.4766e+06
7.3403e+06
7.3341e+06
7.2561e+06
7.2163e+06
7.1498e+06
7.0767e+06
6.9796e+06
6.9381e+06
6.8476e+06
6.7324e+06
6.7632e+06
6.6844e+06
6.6182e+06
6.5994e+06
6.5643e+06
6.4964e+06
6.4707e+06
6.4235e+06
6.3953e+06
6.3533e+06
6.3082e+06
6.2807e+06
6.2489e+06
6.2196e+06
6.2098e+06
6.218e+06
6.1585e+06
6.1284e+06
6.1297e+06
6.043e+06
6.0332e+06
6.0451e+06
6.0135e+06
5.9746e+06
5.937e+06
5.9471e+06
5.8947e+06
5.8675e+06
5.9098e+06
5.876e+06
5.8848e+06
5.8475e+06
5.8584e+06
5.857e+06
5.8086e+06
5.7633e+06
5.7945e+06
5.7872e+06
5.7241e+06
5.7636e+06
5.7853e+06
5.7358e+06
5.6652e+06
5.6656e+06
5.6871e+06
5.6351e+06
5.5497e+06
5.498e+06
5.5073e+06
5.4649e+06
5.4438e+06
5.4196e+06
5.4238e+06
5.5369e+06
5.6295e+06
5.5704e+06
5.5239e+06
5.5293e+06
5.513e+06
5.5853e+06
5.7275e+06
5.7553e+06
5.7072e+06
5.7102e+06
5.6953e+06
5.6485e+06
5.6747e+06
5.7324e+06
5.7438e+06
5.7236e+06
5.6579e+06
5.5938e+06
5.6434e+06
5.6819e+06
5.6684e+06
5.6587e+06
5.6614e+06
5.6758e+06
5.6242e+06
5.5533e+06
5.5359e+06
5.5308e+06
5.5096e+06
5.5664e+06
5.6356e+06
5.5869e+06
5.4941e+06
5.4737e+06
5.4791e+06
5.4547e+06
5.4075e+06
5.4091e+06
5.4242e+06
5.3566e+06
5.2994e+06
5.3274e+06
5.3326e+06
5.2511e+06
5.2371e+06
5.2556e+06
5.2401e+06
5.2757e+06
5.2631e+06
5.2419e+06
5.2395e+06
5.2451e+06
5.2714e+06
5.2413e+06
5.2309e+06
5.2217e+06
5.2207e+06
5.2347e+06
5.2101e+06
5.2125e+06
5.2282e+06
5.2262e+06
5.1978e+06
5.1999e+06
5.2107e+06
5.2017e+06
5.16e+06
5.1504e+06
5.162e+06
5.1782e+06
5.1909e+06
5.1985e+06
5.2036e+06
5.1914e+06
5.1511e+06
5.1481e+06
5.1798e+06
5.1746e+06
5.1515e+06
5.2157e+06
5.2934e+06
5.3154e+06
5.311e+06
5.3625e+06
5.4291e+06
5.4563e+06
5.3861e+06
5.3051e+06
5.3628e+06
5.4236e+06
5.4922e+06
5.5637e+06
5.6676e+06
5.7805e+06
5.857e+06
5.92e+06
5.9509e+06
5.9463e+06
5.9055e+06
5.8257e+06
5.7162e+06
5.6205e+06
5.5818e+06
5.5739e+06
5.5831e+06
5.5997e+06
5.6432e+06
5.7082e+06
5.7488e+06
5.7614e+06
5.7423e+06
5.6948e+06
5.6744e+06
5.6613e+06
5.6202e+06
5.573e+06
5.5405e+06
5.4994e+06
5.436e+06
5.3732e+06
5.3407e+06
5.3035e+06
5.2509e+06
5.2083e+06
5.1951e+06
5.1767e+06
5.13e+06
5.1419e+06
5.1655e+06
5.1618e+06
5.1128e+06
5.0955e+06
5.0793e+06
5.0348e+06
5.0005e+06
4.9704e+06
4.9468e+06
4.8946e+06
4.8137e+06
4.7456e+06
4.7034e+06
4.7056e+06
4.7118e+06
4.693e+06
4.6956e+06
4.7281e+06
4.7468e+06
4.7418e+06
4.746e+06
4.7761e+06
4.8098e+06
4.8257e+06
4.8191e+06
4.8029e+06
4.7962e+06
4.8053e+06
4.8166e+06
4.8132e+06
4.7728e+06
4.7245e+06
4.7173e+06
4.7705e+06
4.8751e+06
5.0078e+06
5.1681e+06
5.3285e+06
5.4354e+06
5.4952e+06
5.5616e+06
5.6383e+06
5.674e+06
5.6464e+06
5.6131e+06
5.6036e+06
5.5959e+06
5.5741e+06
5.5588e+06
5.5898e+06
5.6348e+06
5.6488e+06
5.6344e+06
5.6e+06
5.6362e+06
5.7078e+06
5.7444e+06
5.7253e+06
5.6805e+06
5.6527e+06
5.636e+06
5.6049e+06
5.5772e+06
5.5601e+06
5.4854e+06
5.4214e+06
5.4407e+06
5.5379e+06
5.6517e+06
5.7509e+06
5.8103e+06
5.8206e+06
5.7925e+06
5.7994e+06
5.8604e+06
5.913e+06
5.8962e+06
5.8038e+06
5.6718e+06
5.5645e+06
5.5715e+06
5.7085e+06
5.8921e+06
6.0116e+06
6.023e+06
5.9775e+06
5.9716e+06
6.0508e+06
6.1385e+06
6.1506e+06
6.0937e+06
6.0387e+06
6.0175e+06
6.0093e+06
6.0106e+06
6.0299e+06
6.0551e+06
6.0649e+06
6.0721e+06
6.0953e+06
6.1154e+06
6.1097e+06
6.0937e+06
6.0978e+06
6.1227e+06
6.1453e+06
6.1386e+06
6.1112e+06
6.1013e+06
6.121e+06
6.1487e+06
6.1697e+06
6.1893e+06
6.2022e+06
6.1974e+06
6.1763e+06
