0
0
0
0
0
0
0
0
0
0
0
0
0
0
0
0
0
0
0
0
0
0
0
0
0
0
0
0
0
0
0
0
0
0
0
0
0
0
0
0
0
0
0
0
0
0
0
0
0
0
0
0
0
0
0
0
0
0
-1.4901e-08
-1.2666e-07
-1.058e-06
-8.1882e-06
-5.7712e-05
-0.00037181
-0.0021897
-0.011781
-0.05785
-0.25901
-1.056
-3.9148
-13.173
-40.158
-110.67
-275.17
-616
-1239.9
-2243.8
-3661
-5427.3
-7425.5
-9616.5
-12162
-15397
-19647
-25055
-31659
-39676
-49699
-62571
-79086
-1.0005e+05
-1.2688e+05
-1.6196e+05
-2.0778e+05
-2.6528e+05
-3.3257e+05
-4.0423e+05
-4.7123e+05
-5.2355e+05
-5.5625e+05
-5.7438e+05
-5.9059e+05
-6.1566e+05
-6.4966e+05
-6.8279e+05
-7.0639e+05
-7.2206e+05
-7.3771e+05
-7.5677e+05
-7.7628e+05
-7.9423e+05
-8.1193e+05
-8.2989e+05
-8.4817e+05
-8.6983e+05
-8.9839e+05
-9.3385e+05
-9.7305e+05
-1.0107e+06
-1.0425e+06
-1.0702e+06
-1.0982e+06
-1.1276e+06
-1.16e+06
-1.1978e+06
-1.2352e+06
-1.2644e+06
-1.2884e+06
-1.314e+06
-1.3407e+06
-1.3661e+06
-1.3925e+06
-1.4207e+06
-1.4429e+06
-1.4493e+06
-1.4491e+06
-1.4574e+06
-1.4636e+06
-1.4537e+06
-1.4365e+06
-1.415e+06
-1.3684e+06
-1.2917e+06
-1.2088e+06
-1.1089e+06
-9.3588e+05
-6.8406e+05
-3.8594e+05
-15610
4.4852e+05
9.6604e+05
1.5124e+06
2.0904e+06
2.662e+06
3.1542e+06
3.5582e+06
3.9025e+06
4.1478e+06
4.3061e+06
4.459e+06
4.5954e+06
4.6745e+06
4.6822e+06
4.625e+06
4.5245e+06
4.3355e+06
4.0473e+06
3.6988e+06
3.2723e+06
2.815e+06
2.3691e+06
1.8587e+06
1.3354e+06
9.0301e+05
4.9018e+05
60896
-3.8849e+05
-7.9327e+05
-1.0045e+06
-1.3914e+06
-2.0984e+06
-2.358e+06
-2.5855e+06
-3.492e+06
-3.7452e+06
-3.8502e+06
-3.7641e+06
-4.4725e+06
-3.9825e+06
-3.7244e+06
-4.6055e+06
-4.3718e+06
-4.2786e+06
-4.3859e+06
-4.5088e+06
-4.372e+06
-4.285e+06
-4.5352e+06
-4.4783e+06
-4.1363e+06
-4.4326e+06
-4.2991e+06
-3.9611e+06
-4.0369e+06
-4.0148e+06
-3.8426e+06
-3.6536e+06
-3.7341e+06
-3.779e+06
-3.5809e+06
-3.449e+06
-3.4301e+06
-3.1569e+06
-3.079e+06
-2.9883e+06
-2.8983e+06
-2.8075e+06
-2.7251e+06
-2.5972e+06
-2.5365e+06
-2.3949e+06
-2.2678e+06
-2.1859e+06
-2.0455e+06
-1.968e+06
-1.8739e+06
-1.8401e+06
-1.6305e+06
-1.5695e+06
-1.5043e+06
-1.4353e+06
-1.3378e+06
-1.2533e+06
-1.1214e+06
-1.0037e+06
-9.7031e+05
-7.8987e+05
-7.927e+05
-7.8798e+05
-6.0324e+05
-4.7177e+05
-4.9392e+05
-3.1569e+05
-1.9482e+05
-2.4311e+05
-1.5177e+05
-6058.1
1.2284e+05
2.6572e+05
3.9078e+05
6.0229e+05
7.2092e+05
8.6677e+05
9.646e+05
9.971e+05
1.0048e+06
1.0181e+06
1.1153e+06
1.2379e+06
1.2541e+06
1.3354e+06
1.3672e+06
1.3666e+06
1.4437e+06
1.5396e+06
1.6236e+06
1.6227e+06
1.7153e+06
1.7861e+06
1.7235e+06
1.7423e+06
1.7942e+06
1.7869e+06
1.8309e+06
1.8187e+06
1.8379e+06
1.9686e+06
1.9367e+06
1.9601e+06
2.0476e+06
1.9975e+06
2.1185e+06
2.1534e+06
2.1132e+06
2.203e+06
2.2386e+06
2.2378e+06
2.2804e+06
2.3253e+06
2.4062e+06
2.4104e+06
2.4394e+06
2.4981e+06
2.4454e+06
2.4587e+06
2.4984e+06
2.5377e+06
2.5836e+06
2.5961e+06
2.6471e+06
2.6855e+06
2.6871e+06
2.7074e+06
2.7117e+06
2.7458e+06
2.8043e+06
2.8808e+06
2.9034e+06
2.9452e+06
2.9508e+06
2.9674e+06
2.9847e+06
2.9522e+06
2.9679e+06
3.0329e+06
3.0463e+06
3.0137e+06
3.0501e+06
3.1068e+06
3.1299e+06
3.1402e+06
3.1751e+06
3.194e+06
3.1845e+06
3.143e+06
3.0084e+06
2.7599e+06
2.4425e+06
2.0831e+06
1.8413e+06
1.7627e+06
1.7215e+06
1.7463e+06
1.6987e+06
1.6805e+06
1.6973e+06
1.6591e+06
1.6526e+06
1.6197e+06
1.5534e+06
1.5551e+06
1.5428e+06
1.5061e+06
1.4694e+06
1.4471e+06
1.3972e+06
1.2837e+06
1.2037e+06
1.196e+06
1.1619e+06
1.1206e+06
1.137e+06
1.135e+06
1.0769e+06
1.031e+06
1.0483e+06
1.0337e+06
8.8499e+05
7.8586e+05
7.7819e+05
6.5345e+05
4.8081e+05
3.1102e+05
1.2631e+05
2401.9
-86141
-2.5834e+05
-5.2024e+05
-6.9455e+05
-6.6848e+05
-5.6394e+05
-4.7533e+05
-4.4485e+05
-4.9985e+05
-5.1365e+05
-4.91e+05
-4.8214e+05
-4.4914e+05
-4.9458e+05
-6.0907e+05
-6.238e+05
-5.7634e+05
-5.5924e+05
-5.4816e+05
-5.2505e+05
-4.9322e+05
-4.8895e+05
-5.5044e+05
-6.1975e+05
-6.3856e+05
-5.9397e+05
-4.8505e+05
-3.6568e+05
-3.0466e+05
-2.8839e+05
-2.1802e+05
-1.1545e+05
-66208
-98119
-1.6599e+05
-2.1778e+05
-1.9919e+05
-1.7147e+05
-2.1624e+05
-2.5742e+05
-2.2005e+05
-1.6451e+05
-1.3051e+05
-1.1058e+05
-1.1864e+05
-1.6863e+05
-2.2446e+05
-2.1662e+05
-1.6699e+05
-1.4544e+05
-1.4436e+05
-1.4535e+05
-1.1606e+05
-25881
82941
1.8027e+05
1.9836e+05
1.7822e+05
1.8028e+05
2.2725e+05
2.5759e+05
2.4927e+05
2.4499e+05
3.0614e+05
4.0079e+05
4.6578e+05
4.5319e+05
3.6093e+05
2.8462e+05
3.2185e+05
3.9897e+05
4.149e+05
3.424e+05
2.622e+05
2.9691e+05
4.1878e+05
5.0455e+05
5.378e+05
5.5777e+05
5.8476e+05
5.9239e+05
5.5513e+05
4.8814e+05
4.1435e+05
3.7988e+05
4.2753e+05
5.1778e+05
5.862e+05
5.952e+05
5.4036e+05
4.7441e+05
4.4172e+05
4.3245e+05
4.5629e+05
5.2228e+05
6.0027e+05
6.5702e+05
6.6753e+05
6.1616e+05
5.3346e+05
4.9901e+05
5.5774e+05
6.2871e+05
5.9753e+05
4.6485e+05
3.6234e+05
4.0893e+05
5.7251e+05
7.1909e+05
7.6121e+05
7.1565e+05
6.4451e+05
6.0552e+05
6.3437e+05
7.1557e+05
7.7177e+05
