0
0
0
0
0
0
0
0
0
0
0
0
0
0
0
0
0
0
0
0
1.4901e-08
2.0862e-07
3.3304e-06
2.9929e-05
5.1588e-05
-0.0024982
-0.038248
-0.30748
-1.5853
-5.3572
-11.062
-10.088
6.2001
7.964
-61.313
-119.09
71.758
383.86
210.49
-330.2
-179.55
603.02
745.33
206.56
-56.912
238.29
821.93
928.56
326.09
405.37
1872
3821.3
5875
7788.3
8044.9
6087.5
5834
11359
16679
13504
9362.2
13939
20142
22423
26786
33686
31753
18021
6498.5
-8385
-36745
-57312
-64777
-55170
-14209
22916
47271
42720
-53330
-1.3273e+05
-1.1168e+05
-95166
-3.721e+05
-92974
5.2161e+05
2.909e+05
-2.8872e+05
-2.7643e+05
-1.024e+05
-3.5927e+05
-4.3672e+05
2.5592e+05
1.4004e+05
-44779
-75925
1.886e+05
37287
-2.9346e+05
97650
77766
92837
-26882
1.2624e+05
1.5876e+05
-1.5772e+05
-85583
39070
8978.8
-1.4202e+05
1.0589e+05
1.1911e+05
-1.0819e+05
-45354
60274
9580
-53218
46920
49477
-5480.7
-43593
67085
3870.1
-31462
36782
27892
5555.8
-18930
36387
55566
32078
-16492
1.0596e+05
46864
-35256
3317.1
26930
-1.0487e+05
-90899
-82907
-1.639e+05
-98033
-82821
-56570
-8622
-71804
-39506
-19061
4476
-11438
34644
-6434.9
-68356
-71362
-51745
-72772
-48701
-31829
-1.4077e+05
-1.0866e+05
-36380
-12592
-86184
42105
1.3548e+05
59878
78184
1.8692e+05
2.038e+05
2.009e+05
2.2632e+05
2.787e+05
3.1389e+05
2.7459e+05
3.5633e+05
4.2126e+05
3.1235e+05
3.8046e+05
4.381e+05
4.518e+05
4.3012e+05
4.7931e+05
5.7994e+05
6.1116e+05
5.6901e+05
6.1736e+05
6.4372e+05
6.1292e+05
6.5976e+05
7.0917e+05
6.7756e+05
6.8787e+05
7.3414e+05
7.5294e+05
7.8537e+05
7.8604e+05
7.5727e+05
7.6929e+05
8.2351e+05
8.7279e+05
8.8418e+05
8.9361e+05
9.0765e+05
9.0853e+05
9.247e+05
9.4017e+05
9.4292e+05
9.5853e+05
1.0149e+06
1.0376e+06
1.0185e+06
1.0264e+06
1.0795e+06
1.0979e+06
1.0948e+06
1.1215e+06
1.1503e+06
1.1277e+06
1.1121e+06
1.177e+06
1.2362e+06
1.2164e+06
1.1973e+06
1.2028e+06
1.218e+06
1.2535e+06
1.2948e+06
1.3272e+06
1.3208e+06
1.3194e+06
1.3535e+06
1.3467e+06
1.3548e+06
1.4166e+06
1.4421e+06
1.4593e+06
1.456e+06
1.4401e+06
1.4708e+06
1.4656e+06
1.4186e+06
1.4554e+06
1.5271e+06
1.5469e+06
1.5549e+06
1.5903e+06
1.5828e+06
1.5559e+06
1.5852e+06
1.6322e+06
1.6424e+06
1.6533e+06
1.6951e+06
1.6955e+06
1.669e+06
1.6899e+06
1.7134e+06
1.6991e+06
1.6958e+06
1.7316e+06
1.774e+06
1.788e+06
1.8034e+06
1.8344e+06
1.8333e+06
1.8166e+06
1.8327e+06
1.8548e+06
1.836e+06
1.8146e+06
1.826e+06
1.8269e+06
1.8392e+06
1.892e+06
1.9384e+06
1.9507e+06
1.9584e+06
1.9735e+06
1.9616e+06
1.926e+06
1.9272e+06
1.9546e+06
1.9603e+06
1.9545e+06
1.9868e+06
2.0484e+06
2.0666e+06
2.0299e+06
1.9907e+06
1.9993e+06
2.0267e+06
2.0294e+06
2.0592e+06
2.1221e+06
2.1455e+06
2.1425e+06
2.1498e+06
2.1326e+06
2.0864e+06
2.0608e+06
2.0771e+06
2.1188e+06
2.1562e+06
2.1684e+06
2.1739e+06
2.1895e+06
2.199e+06
2.2068e+06
2.2165e+06
2.2e+06
2.163e+06
2.1487e+06
2.1654e+06
2.1904e+06
2.2252e+06
2.2668e+06
2.2835e+06
2.2721e+06
2.2642e+06
2.2705e+06
2.2654e+06
2.2469e+06
2.2517e+06
2.2676e+06
2.2744e+06
2.3095e+06
2.3687e+06
2.4052e+06
2.4061e+06
2.3829e+06
2.3512e+06
2.3212e+06
2.3063e+06
2.318e+06
2.3372e+06
2.3371e+06
2.3371e+06
2.361e+06
2.3837e+06
2.3835e+06
2.3833e+06
2.4164e+06
2.4563e+06
2.4574e+06
2.4373e+06
2.432e+06
2.4452e+06
2.4524e+06
2.4491e+06
2.4513e+06
2.4379e+06
2.4105e+06
2.4101e+06
2.4408e+06
2.487e+06
2.5449e+06
2.6021e+06
2.6285e+06
2.6127e+06
2.5808e+06
2.5548e+06
2.533e+06
2.5132e+06
2.5072e+06
2.5203e+06
2.5338e+06
2.5326e+06
2.514e+06
2.4867e+06
2.4788e+06
2.5018e+06
2.5394e+06
2.5706e+06
2.577e+06
2.5548e+06
2.5046e+06
2.4272e+06
2.349e+06
2.3044e+06
2.2984e+06
2.3106e+06
2.3333e+06
2.3633e+06
2.3721e+06
2.3565e+06
2.3477e+06
2.3415e+06
2.3258e+06
2.3212e+06
2.333e+06
2.3444e+06
2.3557e+06
2.3751e+06
2.394e+06
2.3958e+06
2.3871e+06
2.3826e+06
2.3862e+06
2.408e+06
2.4448e+06
2.4751e+06
2.485e+06
2.4852e+06
2.4883e+06
2.4936e+06
2.4961e+06
2.4948e+06
2.4918e+06
2.4842e+06
2.4682e+06
2.4501e+06
2.4512e+06
2.4809e+06
2.5152e+06
2.5362e+06
2.5547e+06
2.574e+06
2.5827e+06
2.5808e+06
2.5769e+06
2.5643e+06
2.545e+06
2.5525e+06
2.5946e+06
2.6311e+06
2.6401e+06
2.6261e+06
2.5887e+06
2.5329e+06
2.4877e+06
2.4771e+06
2.4985e+06
2.5393e+06
2.5794e+06
2.603e+06
2.6116e+06
2.6135e+06
2.6156e+06
2.6153e+06
2.604e+06
2.5952e+06
2.6211e+06
2.6879e+06
2.7814e+06
2.9034e+06
3.0624e+06
3.2456e+06
3.4153e+06
3.5408e+06
3.6179e+06
3.6465e+06
3.6223e+06
3.5676e+06
3.5226e+06
3.5158e+06
3.5437e+06
3.5662e+06
3.5494e+06
3.4892e+06
3.4192e+06
3.3776e+06
3.371e+06
3.3723e+06
3.354e+06
3.3297e+06
3.3109e+06
3.3056e+06
3.3069e+06
3.3075e+06
3.2743e+06
3.2221e+06
3.1907e+06
3.1918e+06
3.223e+06
3.2553e+06
3.2951e+06
3.3199e+06
3.31e+06
3.2585e+06
3.2012e+06
3.1706e+06
3.1829e+06
