0
0
0
0
0
0
0
0
0
0
0
0
0
0
0
0
0
0
0
0
0
0
0
0
0
0
0
0
0
0
0
0
0
0
0
0
0
0
0
0
0
0
0
0
0
0
0
0
0
0
0
0
0
0
0
0
0
0
0
0
0
0
0
0
0
0
0
0
0
0
0
0
0
0
0
0
0
0
0
0
-7.4506e-09
-1.4901e-08
-5.9605e-08
-3.7998e-07
-2.2948e-06
-1.2979e-05
-6.8992e-05
-0.00034418
-0.001611
-0.0070697
-0.029061
-0.1118
-0.40202
-1.3497
-4.2245
-12.309
-33.331
-83.728
-194.76
-418.73
-830.78
-1519.4
-2561.5
-3988.5
-5766.7
-7822.8
-10123
-12765
-16003
-20159
-25494
-32167
-40375
-50551
-63436
-79977
-1.0123e+05
-1.2843e+05
-1.6307e+05
-2.0652e+05
-2.5899e+05
-3.1815e+05
-3.7844e+05
-4.319e+05
-4.706e+05
-4.9034e+05
-4.9386e+05
-4.907e+05
-4.9174e+05
-5.0151e+05
-5.1501e+05
-5.23e+05
-5.2104e+05
-5.1325e+05
-5.0705e+05
-5.0506e+05
-5.0387e+05
-5.0018e+05
-4.9533e+05
-4.928e+05
-4.9452e+05
-5.0119e+05
-5.1301e+05
-5.2752e+05
-5.3965e+05
-5.4639e+05
-5.4972e+05
-5.536e+05
-5.598e+05
-5.6716e+05
-5.7385e+05
-5.7967e+05
-5.8497e+05
-5.883e+05
-5.8899e+05
-5.9033e+05
-5.9475e+05
-5.99e+05
-5.9989e+05
-5.9898e+05
-5.9728e+05
-5.9274e+05
-5.8619e+05
-5.8199e+05
-5.8026e+05
-5.7492e+05
-5.6306e+05
-5.5006e+05
-5.3923e+05
-5.2531e+05
-5.0627e+05
-4.8757e+05
-4.6741e+05
-4.3591e+05
-3.9444e+05
-3.5587e+05
-3.2224e+05
-2.8457e+05
-2.4423e+05
-2.0669e+05
-1.6221e+05
-1.0442e+05
-45116
14344
88609
1.7908e+05
2.7917e+05
3.9319e+05
5.185e+05
6.4172e+05
7.7493e+05
9.4905e+05
1.1621e+06
1.3898e+06
1.6381e+06
1.9299e+06
2.2529e+06
2.5625e+06
2.8362e+06
3.0846e+06
3.297e+06
3.4409e+06
3.5233e+06
3.5821e+06
3.6145e+06
3.5934e+06
3.5556e+06
3.5419e+06
3.5044e+06
3.4173e+06
3.319e+06
3.2061e+06
3.061e+06
2.8917e+06
2.6982e+06
2.4929e+06
2.2847e+06
2.0618e+06
1.8384e+06
1.6206e+06
1.4043e+06
1.2149e+06
1.0311e+06
8.2608e+05
6.242e+05
4.2324e+05
2.2259e+05
18513
-1.8306e+05
-3.2507e+05
-4.6257e+05
-6.5682e+05
-7.4329e+05
-7.9844e+05
-1.6028e+06
-1.8782e+06
-2.007e+06
-2.1979e+06
-1.614e+06
-1.8389e+06
-2.0743e+06
-2.0643e+06
-2.2295e+06
-2.7284e+06
-2.6912e+06
-2.6384e+06
-2.9979e+06
-2.8199e+06
-3.0232e+06
-3.0238e+06
-3.0298e+06
-3.1536e+06
-2.9238e+06
-3.3592e+06
-3.1495e+06
-2.9963e+06
-3.4226e+06
-3.0001e+06
-3.2161e+06
-3.2524e+06
-3.0484e+06
-3.1021e+06
-3.1882e+06
-3.0747e+06
-3.1525e+06
-3.1306e+06
-3.0167e+06
-2.9499e+06
-2.9294e+06
-3.0095e+06
-2.8571e+06
-2.8214e+06
-2.6786e+06
-2.6617e+06
-2.4577e+06
-2.2397e+06
-2.3143e+06
-2.1433e+06
-2.0292e+06
-2.2228e+06
-1.9993e+06
-1.9828e+06
-1.9749e+06
-1.8513e+06
-1.8646e+06
-1.8607e+06
-1.7101e+06
-1.6421e+06
-1.6071e+06
-1.5353e+06
-1.4905e+06
-1.4588e+06
-1.3833e+06
-1.3351e+06
-1.2651e+06
-1.2877e+06
-1.2659e+06
-1.0849e+06
-1.0671e+06
-1.0325e+06
-8.7867e+05
-9.3617e+05
-8.7123e+05
-8.6876e+05
-8.3146e+05
-6.9646e+05
-6.8433e+05
-6.6322e+05
-6.7661e+05
-6.0806e+05
-5.3441e+05
-6.3856e+05
-6.9195e+05
-9.4745e+05
-1.2836e+06
-1.8501e+06
-2.4163e+06
-2.561e+06
-2.5458e+06
-2.6055e+06
-2.7039e+06
-2.761e+06
-2.9072e+06
-2.9941e+06
-3.0301e+06
-3.0814e+06
-3.2007e+06
-3.344e+06
-3.4437e+06
-3.5685e+06
-3.6222e+06
-3.7033e+06
-3.9024e+06
-4.0516e+06
-4.1065e+06
-4.2452e+06
-4.3951e+06
-4.5777e+06
-4.7244e+06
-4.8461e+06
-4.9986e+06
-5.0438e+06
-5.1092e+06
-5.2117e+06
-5.2259e+06
-5.1325e+06
-5.1315e+06
-5.1655e+06
-5.0962e+06
-5.0294e+06
-5.174e+06
-5.3144e+06
-5.3145e+06
-5.1947e+06
-5.1034e+06
-5.1543e+06
-5.2005e+06
-5.2329e+06
-5.1748e+06
-5.1139e+06
-5.1362e+06
-5.1525e+06
-5.1296e+06
-5.1555e+06
-5.1315e+06
-5.0999e+06
-5.1112e+06
-5.1145e+06
-5.1411e+06
-5.2086e+06
-5.2082e+06
-5.241e+06
-5.3784e+06
-5.4119e+06
-5.3895e+06
-5.3457e+06
-5.3224e+06
-5.3264e+06
-5.3955e+06
-5.4659e+06
-5.4722e+06
-5.4117e+06
-5.4054e+06
-5.4921e+06
-5.5188e+06
-5.4501e+06
-5.3672e+06
-5.3161e+06
-5.3113e+06
-5.3508e+06
-5.375e+06
-5.3619e+06
-5.3348e+06
-5.3867e+06
-5.4695e+06
-5.4396e+06
-5.2858e+06
-5.161e+06
-5.1651e+06
-5.243e+06
-5.2653e+06
-5.2264e+06
-5.2034e+06
-5.1494e+06
-5.0996e+06
-5.1474e+06
-5.3208e+06
-5.5086e+06
-5.5861e+06
-5.5771e+06
-5.5537e+06
-5.5103e+06
-5.5157e+06
-5.5906e+06
-5.6919e+06
-5.6522e+06
-5.5329e+06
-5.4102e+06
-5.3728e+06
-5.4931e+06
-5.5873e+06
-5.5544e+06
-5.504e+06
-5.4382e+06
-5.4214e+06
-5.467e+06
-5.5144e+06
-5.5541e+06
-5.5171e+06
-5.4404e+06
-5.3885e+06
-5.4108e+06
-5.4757e+06
-5.5433e+06
-5.5152e+06
-5.3813e+06
-5.2422e+06
-5.2156e+06
-5.3874e+06
-5.626e+06
-5.7356e+06
-5.6976e+06
-5.5826e+06
-5.464e+06
-5.3924e+06
-5.3992e+06
-5.4219e+06
-5.4324e+06
-5.3849e+06
-5.2715e+06
-5.1976e+06
-5.1761e+06
-5.144e+06
-5.1305e+06
-5.1595e+06
-5.1941e+06
-5.2e+06
-5.1974e+06
-5.2125e+06
-5.2154e+06
-5.1722e+06
-5.1282e+06
-5.0963e+06
-5.1125e+06
-5.1819e+06
-5.215e+06
-5.1994e+06
-5.169e+06
-5.1398e+06
-5.1163e+06
-5.1095e+06
-5.1119e+06
-5.1447e+06
-5.2108e+06
-5.218e+06
-5.1483e+06
-5.0703e+06
-5.0245e+06
-5.0385e+06
-5.0982e+06
-5.1678e+06
