0
0
0
0
0
0
0
0
0
0
0
0
0
0
0
0
0
0
0
0
0
0
0
0
0
0
0
0
0
0
0
0
0
0
0
0
0
0
0
0
0
0
0
0
0
0
0
0
0
0
0
0
0
0
0
0
0
0
-1.4901e-08
-5.9605e-08
-5.4389e-07
-4.1574e-06
-2.9027e-05
-0.00018537
-0.0010825
-0.0057787
-0.028184
-0.12548
-0.50955
-1.885
-6.3446
-19.403
-53.834
-135.33
-307.93
-633.92
-1182
-2003.1
-3108.5
-4476.5
-6099.9
-8049.8
-10492
-13631
-17628
-22605
-28747
-36408
-46102
-58417
-74031
-93923
-1.1956e+05
-1.5267e+05
-1.9462e+05
-2.4559e+05
-3.0404e+05
-3.6629e+05
-4.274e+05
-4.834e+05
-5.3414e+05
-5.8364e+05
-6.3709e+05
-6.9642e+05
-7.5891e+05
-8.2037e+05
-8.7969e+05
-9.3934e+05
-1.0017e+06
-1.0668e+06
-1.1335e+06
-1.2019e+06
-1.2724e+06
-1.345e+06
-1.4206e+06
-1.5014e+06
-1.5892e+06
-1.6837e+06
-1.7821e+06
-1.8823e+06
-1.9841e+06
-2.0896e+06
-2.2006e+06
-2.3177e+06
-2.4412e+06
-2.5699e+06
-2.7015e+06
-2.8356e+06
-2.9744e+06
-3.1196e+06
-3.2711e+06
-3.4283e+06
-3.591e+06
-3.7582e+06
-3.9273e+06
-4.0985e+06
-4.2753e+06
-4.4589e+06
-4.6459e+06
-4.8327e+06
-5.0168e+06
-5.1948e+06
-5.3595e+06
-5.5019e+06
-5.6126e+06
-5.6744e+06
-5.6607e+06
-5.5497e+06
-5.328e+06
-4.9827e+06
-4.5119e+06
-3.9463e+06
-3.3417e+06
-2.7485e+06
-2.2141e+06
-1.792e+06
-1.4924e+06
-1.2752e+06
-1.1175e+06
-9.9438e+05
-8.6165e+05
-7.1746e+05
-5.8815e+05
-5.045e+05
-4.9884e+05
-5.7489e+05
-7.3481e+05
-9.538e+05
-1.174e+06
-1.3755e+06
-1.4834e+06
-1.3856e+06
-1.1223e+06
-7.864e+05
-4.3019e+05
-1.8056e+05
-1.7253e+05
-1.7213e+05
3.8952e+05
6068.9
-5.8128e+06
-9.2395e+06
-7.2155e+06
-3.0517e+06
1.6481e+06
6.6283e+06
8.9761e+06
9.3481e+06
9.0908e+06
8.9553e+06
9.4179e+06
9.2952e+06
9.2462e+06
9.3026e+06
9.3671e+06
9.2953e+06
9.2496e+06
9.381e+06
9.3511e+06
9.1715e+06
9.3271e+06
9.2571e+06
9.0796e+06
9.1193e+06
9.1078e+06
9.0173e+06
8.9181e+06
8.9604e+06
8.984e+06
8.8799e+06
8.8107e+06
8.8008e+06
8.6574e+06
8.6165e+06
8.5688e+06
8.5216e+06
8.474e+06
8.4307e+06
8.3635e+06
8.3316e+06
8.2573e+06
8.1906e+06
8.1476e+06
8.0739e+06
8.0332e+06
7.9838e+06
7.9661e+06
7.856e+06
7.824e+06
7.7898e+06
7.7535e+06
7.7023e+06
7.658e+06
7.5887e+06
7.527e+06
7.5094e+06
7.4147e+06
7.4162e+06
7.4137e+06
7.3167e+06
7.2477e+06
7.2593e+06
7.1657e+06
7.1023e+06
7.1276e+06
7.0797e+06
7.0032e+06
6.9355e+06
6.8605e+06
6.7948e+06
6.6838e+06
6.6215e+06
6.5449e+06
6.4936e+06
6.4765e+06
6.4725e+06
6.4655e+06
6.4145e+06
6.3501e+06
6.3416e+06
6.2989e+06
6.2822e+06
6.2825e+06
6.242e+06
6.1917e+06
6.1476e+06
6.1481e+06
6.0995e+06
6.0623e+06
6.0951e+06
6.0853e+06
6.058e+06
6.0619e+06
6.0388e+06
6.0452e+06
6.0351e+06
5.9665e+06
5.9832e+06
5.971e+06
5.9769e+06
5.9834e+06
5.8878e+06
5.8695e+06
5.8906e+06
5.8434e+06
5.8247e+06
5.8252e+06
5.8028e+06
5.7792e+06
5.7367e+06
5.7907e+06
5.7732e+06
5.6885e+06
5.7176e+06
5.7141e+06
5.6884e+06
5.6677e+06
5.6436e+06
5.637e+06
5.6102e+06
5.632e+06
5.5893e+06
5.5786e+06
5.5764e+06
5.5584e+06
5.5277e+06
5.5818e+06
5.5714e+06
5.4875e+06
5.4508e+06
5.4421e+06
5.433e+06
5.5299e+06
5.5623e+06
5.4742e+06
5.4007e+06
5.4178e+06
5.3997e+06
5.4445e+06
5.4955e+06
5.4493e+06
5.3725e+06
5.3713e+06
5.4172e+06
5.5193e+06
5.674e+06
5.7442e+06
5.7177e+06
5.9064e+06
6.0333e+06
6.0746e+06
6.0962e+06
6.0832e+06
6.1082e+06
6.1177e+06
6.1089e+06
6.129e+06
6.1324e+06
6.1497e+06
6.1845e+06
6.1836e+06
6.19e+06
6.2093e+06
6.2286e+06
6.2402e+06
6.2665e+06
6.3261e+06
6.368e+06
6.3721e+06
6.39e+06
6.4117e+06
6.4031e+06
6.4041e+06
6.4346e+06
6.4587e+06
6.4496e+06
6.4573e+06
6.5354e+06
6.5874e+06
6.5914e+06
6.6569e+06
6.7476e+06
6.8367e+06
6.9337e+06
6.9987e+06
7.0452e+06
7.1356e+06
7.2731e+06
7.3646e+06
7.351e+06
7.2961e+06
7.2495e+06
7.2335e+06
7.2624e+06
7.2697e+06
7.2578e+06
7.2531e+06
7.2358e+06
7.2597e+06
7.3198e+06
7.3275e+06
7.3026e+06
7.2936e+06
7.2878e+06
7.2757e+06
7.2589e+06
7.2567e+06
7.289e+06
7.3254e+06
7.3352e+06
7.3118e+06
7.2546e+06
7.2646e+06
7.2405e+06
7.1573e+06
7.1145e+06
7.0606e+06
7.0348e+06
7.0515e+06
7.0871e+06
7.1143e+06
7.1046e+06
7.09e+06
7.1135e+06
7.1351e+06
7.1155e+06
7.0864e+06
7.0685e+06
7.0581e+06
7.0623e+06
7.0885e+06
7.1178e+06
7.1137e+06
7.0877e+06
7.0764e+06
7.0758e+06
7.0763e+06
7.0609e+06
7.0285e+06
7.0707e+06
7.1857e+06
7.258e+06
7.2131e+06
7.1101e+06
7.0691e+06
7.1288e+06
7.2468e+06
7.328e+06
7.3505e+06
7.3506e+06
7.3537e+06
7.3392e+06
7.2862e+06
7.2541e+06
7.2914e+06
7.3624e+06
7.4038e+06
7.3954e+06
7.3796e+06
7.3841e+06
7.4018e+06
7.4229e+06
7.4641e+06
7.5262e+06
7.5482e+06
7.4897e+06
7.3959e+06
7.3479e+06
7.3833e+06
7.4721e+06
7.5531e+06
7.5861e+06
7.5593e+06
7.4923e+06
7.4159e+06
7.3703e+06
7.3991e+06
7.5033e+06
7.6179e+06
7.6564e+06
7.5799e+06
7.4218e+06
7.2682e+06
7.2002e+06
7.2618e+06
7.4272e+06
7.5931e+06
7.6646e+06
7.6395e+06
7.5737e+06
7.5124e+06
7.4909e+06
7.5213e+06
7.5618e+06
7.5746e+06
7.5729e+06
7.56e+06
7.5152e+06
7.4503e+06
7.4187e+06
7.4468e+06
