0
0
0
0
0
0
0
0
0
0
0
0
0
0
0
0
0
0
0
0
0
0
0
0
0
0
0
0
0
0
0
0
0
0
0
0
0
0
0
0
0
0
0
0
0
0
0
0
0
0
0
0
0
0
0
0
0
0
0
0
0
0
0
0
0
0
0
0
0
0
0
0
0
0
0
0
0
0
0
0
0
0
0
0
0
-4.5622e-25
-7.4506e-09
-5.2154e-08
-3.3528e-07
-1.9819e-06
-1.0982e-05
-5.6967e-05
-0.00027621
-0.0012501
-0.0052748
-0.020724
-0.075726
-0.25708
-0.81007
-2.3671
-6.4096
-16.074
-37.321
-80.239
-159.86
-295.62
-508.97
-819.88
-1244.8
-1799
-2503.7
-3393.9
-4520.2
-5943.1
-7730.2
-9965.5
-12768
-16301
-20767
-26414
-33576
-42716
-54408
-69232
-87651
-1.0988e+05
-1.3571e+05
-1.6448e+05
-1.9516e+05
-2.2681e+05
-2.5894e+05
-2.9162e+05
-3.2527e+05
-3.6012e+05
-3.96e+05
-4.3244e+05
-4.6916e+05
-5.0628e+05
-5.4407e+05
-5.826e+05
-6.2164e+05
-6.6109e+05
-7.011e+05
-7.4194e+05
-7.8395e+05
-8.2771e+05
-8.7376e+05
-9.2206e+05
-9.7207e+05
-1.0234e+06
-1.0763e+06
-1.1309e+06
-1.1875e+06
-1.2467e+06
-1.3088e+06
-1.3733e+06
-1.44e+06
-1.5089e+06
-1.5804e+06
-1.6542e+06
-1.7308e+06
-1.8103e+06
-1.8932e+06
-1.9794e+06
-2.0688e+06
-2.1616e+06
-2.258e+06
-2.3587e+06
-2.464e+06
-2.5733e+06
-2.6859e+06
-2.802e+06
-2.9221e+06
-3.046e+06
-3.1736e+06
-3.3065e+06
-3.4459e+06
-3.5914e+06
-3.7418e+06
-3.8965e+06
-4.0546e+06
-4.2164e+06
-4.3825e+06
-4.5523e+06
-4.7246e+06
-4.899e+06
-5.078e+06
-5.266e+06
-5.4657e+06
-5.6688e+06
-5.8626e+06
-6.0433e+06
-6.2082e+06
-6.3404e+06
-6.4191e+06
-6.4289e+06
-6.3479e+06
-6.1495e+06
-5.825e+06
-5.3812e+06
-4.8305e+06
-4.204e+06
-3.5545e+06
-2.9332e+06
-2.3749e+06
-1.8902e+06
-1.4691e+06
-1.0938e+06
-7.3816e+05
-3.7434e+05
10606
4.1448e+05
8.0756e+05
1.1321e+06
1.3468e+06
1.4244e+06
1.3302e+06
1.0805e+06
7.5037e+05
3.9695e+05
63531
-1.9411e+05
-3.5287e+05
-4.5953e+05
-5.8653e+05
-7.9999e+05
-1.2284e+06
-1.6244e+06
-1.0489e+06
-1.2475e+06
-7.2924e+06
-1.0883e+07
-8.2259e+06
-3.7972e+06
1.7922e+06
5.5485e+06
6.3227e+06
6.2928e+06
6.16e+06
6.1468e+06
6.1029e+06
5.9688e+06
5.8188e+06
5.9335e+06
5.9071e+06
5.8503e+06
5.7211e+06
5.9653e+06
5.833e+06
5.6975e+06
5.7851e+06
5.7457e+06
5.753e+06
5.7852e+06
5.7922e+06
5.7906e+06
5.7968e+06
5.8166e+06
5.8863e+06
5.8673e+06
5.8552e+06
5.9395e+06
5.9068e+06
5.9696e+06
5.974e+06
5.9919e+06
6.09e+06
5.9664e+06
6.0412e+06
6.1677e+06
6.1374e+06
6.2017e+06
6.3369e+06
6.2994e+06
6.2938e+06
6.3481e+06
6.3898e+06
6.42e+06
6.451e+06
6.5376e+06
6.5515e+06
6.5643e+06
6.6382e+06
6.7029e+06
6.7409e+06
6.7855e+06
6.8166e+06
6.8599e+06
6.881e+06
6.9192e+06
6.9942e+06
6.9579e+06
7.009e+06
7.102e+06
7.0797e+06
7.1279e+06
7.171e+06
7.1858e+06
7.2418e+06
7.274e+06
7.2886e+06
7.3347e+06
7.375e+06
7.3697e+06
7.4257e+06
7.4799e+06
7.4573e+06
7.4449e+06
7.4405e+06
7.4236e+06
7.4458e+06
7.4414e+06
7.4581e+06
7.4902e+06
7.5213e+06
7.5226e+06
7.4338e+06
7.2545e+06
7.108e+06
6.9505e+06
6.8751e+06
6.9784e+06
7.2073e+06
7.2611e+06
7.226e+06
7.3259e+06
7.4352e+06
7.4287e+06
7.4539e+06
7.5691e+06
7.6833e+06
7.6917e+06
7.6658e+06
7.7237e+06
7.787e+06
7.7656e+06
7.7242e+06
7.8023e+06
7.9436e+06
7.9996e+06
7.9517e+06
7.8646e+06
7.8733e+06
7.9694e+06
7.9208e+06
7.674e+06
7.3505e+06
7.032e+06
6.759e+06
6.5905e+06
6.4952e+06
6.3914e+06
6.3914e+06
6.5633e+06
6.7322e+06
6.8257e+06
6.8312e+06
6.7536e+06
6.7156e+06
6.7615e+06
6.7748e+06
6.7324e+06
6.7287e+06
6.7782e+06
6.8218e+06
6.7975e+06
6.7055e+06
6.6794e+06
6.7941e+06
6.9308e+06
6.9516e+06
6.8971e+06
6.9012e+06
6.9508e+06
6.9645e+06
6.9675e+06
7.0024e+06
7.0521e+06
7.0607e+06
7.0393e+06
7.0468e+06
7.0633e+06
7.0811e+06
7.1524e+06
7.2892e+06
7.4397e+06
7.4843e+06
7.342e+06
7.1191e+06
6.9997e+06
7.0763e+06
7.3452e+06
7.6756e+06
7.8481e+06
7.7608e+06
7.5176e+06
7.3371e+06
7.3924e+06
7.665e+06
7.9623e+06
8.045e+06
7.842e+06
7.5293e+06
7.3518e+06
7.4074e+06
7.5569e+06
7.5591e+06
7.3381e+06
7.0535e+06
6.864e+06
6.643e+06
6.506e+06
6.4003e+06
6.3226e+06
6.3046e+06
6.3574e+06
6.4245e+06
6.4521e+06
6.4246e+06
6.3928e+06
6.412e+06
6.4676e+06
6.4925e+06
6.4752e+06
6.4272e+06
6.3406e+06
6.2436e+06
6.276e+06
6.4963e+06
6.6865e+06
6.7793e+06
6.8143e+06
6.781e+06
6.7403e+06
6.6838e+06
6.6271e+06
6.6565e+06
6.7746e+06
6.8816e+06
6.8723e+06
6.7616e+06
6.6733e+06
6.6607e+06
6.7329e+06
6.8678e+06
6.9819e+06
6.9968e+06
6.9339e+06
6.8936e+06
6.8994e+06
6.9014e+06
6.8965e+06
6.9396e+06
7.0374e+06
7.1277e+06
7.1828e+06
7.2371e+06
7.3007e+06
7.3276e+06
7.2658e+06
7.1562e+06
7.0945e+06
7.1343e+06
7.2473e+06
7.3439e+06
7.3614e+06
7.3367e+06
7.3662e+06
7.4577e+06
7.5029e+06
7.4524e+06
7.3693e+06
7.3116e+06
7.258e+06
7.1759e+06
7.1052e+06
7.1127e+06
7.2237e+06
7.3989e+06
7.56e+06
7.641e+06
