0
0
0
0
0
0
0
0
0
0
0
0
0
0
0
0
0
0
0
0
0
0
0
0
0
0
0
0
0
0
0
0
0
0
0
0
0
0
0
0
0
0
-4.4703e-08
-6.1095e-07
-6.78e-06
-6.5878e-05
-0.00056181
-0.0042059
-0.027644
-0.15947
-0.80692
-3.5785
-13.892
-47.151
-139.73
-361.26
-814.86
-1607.2
-2788.4
-4309.2
-6063.5
-8026.3
-10377
-13467
-17597
-22800
-28967
-36370
-45908
-58444
-74188
-93536
-1.1833e+05
-1.5143e+05
-1.9533e+05
-2.517e+05
-3.2087e+05
-3.9999e+05
-4.8176e+05
-5.5707e+05
-6.2123e+05
-6.7842e+05
-7.3869e+05
-8.0889e+05
-8.8638e+05
-9.6333e+05
-1.0365e+06
-1.1089e+06
-1.1841e+06
-1.2628e+06
-1.3449e+06
-1.43e+06
-1.5176e+06
-1.6078e+06
-1.6997e+06
-1.7939e+06
-1.8968e+06
-2.0131e+06
-2.1372e+06
-2.2613e+06
-2.3851e+06
-2.5086e+06
-2.6326e+06
-2.766e+06
-2.9126e+06
-3.0646e+06
-3.2125e+06
-3.3552e+06
-3.4964e+06
-3.6273e+06
-3.7369e+06
-3.8308e+06
-3.8879e+06
-3.8524e+06
-3.6932e+06
-3.4024e+06
-2.9563e+06
-2.3223e+06
-1.5479e+06
-7.4879e+05
73612
9.1114e+05
1.6236e+06
2.2331e+06
2.8594e+06
3.4959e+06
4.1099e+06
4.7051e+06
5.3237e+06
5.8119e+06
6.0057e+06
6.0086e+06
5.6842e+06
4.7699e+06
3.3652e+06
1.6655e+06
-1.3599e+05
-1.7034e+06
-3.0531e+06
-4.4141e+06
-5.0839e+06
-6.1048e+06
-6.6984e+06
-6.9983e+06
-6.8895e+06
-6.921e+06
-7.3082e+06
-6.9747e+06
-6.916e+06
-6.7415e+06
-6.916e+06
-6.3945e+06
-6.1309e+06
-6.1029e+06
-5.8426e+06
-5.2297e+06
-4.9959e+06
-5.1539e+06
-4.7412e+06
-4.4533e+06
-4.2285e+06
-4.0517e+06
-3.642e+06
-3.2518e+06
-3.157e+06
-2.9173e+06
-2.4674e+06
-2.371e+06
-2.3076e+06
-1.8623e+06
-1.8585e+06
-1.6376e+06
-1.2678e+06
-1.0946e+06
-1.0502e+06
-8.2538e+05
-8.9856e+05
-5.6496e+05
-4.6164e+05
-4.3371e+05
-1.3055e+05
78443
68519
2.4877e+05
3.2987e+05
3.738e+05
5.1793e+05
5.8783e+05
6.7064e+05
7.659e+05
8.7121e+05
9.8683e+05
1.1389e+06
9.7604e+05
1.1725e+06
1.2881e+06
1.2173e+06
1.2943e+06
1.3686e+06
1.4574e+06
1.5645e+06
1.5172e+06
1.6132e+06
1.7144e+06
1.687e+06
1.769e+06
1.8304e+06
1.8929e+06
1.9694e+06
1.9474e+06
1.9643e+06
2.0888e+06
2.0204e+06
1.9647e+06
2.1224e+06
2.1278e+06
2.108e+06
2.1793e+06
2.309e+06
2.2868e+06
2.2193e+06
2.3062e+06
2.3242e+06
2.2475e+06
2.3232e+06
2.4696e+06
2.4776e+06
2.4674e+06
2.4889e+06
2.718e+06
2.847e+06
2.8117e+06
2.9865e+06
3.1006e+06
3.0655e+06
3.1418e+06
3.2427e+06
3.2846e+06
3.1587e+06
3.0738e+06
3.2017e+06
3.219e+06
3.0682e+06
3.0936e+06
3.1725e+06
3.0722e+06
3.0343e+06
3.1259e+06
3.1851e+06
3.1612e+06
3.2144e+06
3.2348e+06
3.1948e+06
3.1951e+06
3.2058e+06
3.2148e+06
3.2038e+06
3.1909e+06
3.2073e+06
3.2562e+06
3.2682e+06
3.2476e+06
3.278e+06
3.3314e+06
3.3379e+06
3.2874e+06
3.3086e+06
3.3352e+06
3.304e+06
3.303e+06
3.278e+06
3.2568e+06
3.2415e+06
3.2393e+06
3.3216e+06
3.3984e+06
3.34e+06
3.3272e+06
3.4087e+06
3.3751e+06
3.3294e+06
3.4426e+06
3.4311e+06
3.2963e+06
3.3103e+06
3.3682e+06
3.3348e+06
3.3682e+06
3.4742e+06
3.4928e+06
3.4258e+06
3.3771e+06
3.4035e+06
3.4151e+06
3.3839e+06
3.4017e+06
3.447e+06
3.4688e+06
3.4838e+06
3.499e+06
3.4545e+06
3.4321e+06
3.4288e+06
3.4963e+06
3.572e+06
3.538e+06
3.5057e+06
3.5256e+06
3.4969e+06
3.4301e+06
3.4533e+06
3.5481e+06
3.5619e+06
3.4941e+06
3.5257e+06
3.5751e+06
3.5256e+06
3.5276e+06
3.5965e+06
3.584e+06
3.5325e+06
3.5203e+06
3.4789e+06
3.3955e+06
3.3232e+06
3.2598e+06
3.1699e+06
3.0724e+06
2.9871e+06
2.7845e+06
2.5617e+06
2.3965e+06
2.2458e+06
2.1084e+06
2.025e+06
2.0482e+06
2.1701e+06
2.3312e+06
2.4801e+06
2.5384e+06
2.5268e+06
2.5266e+06
2.4651e+06
2.3169e+06
2.2427e+06
2.2373e+06
2.2788e+06
2.3591e+06
2.4069e+06
2.4545e+06
2.4979e+06
2.5406e+06
2.6516e+06
2.761e+06
2.8561e+06
2.963e+06
3.0301e+06
3.1004e+06
3.2137e+06
3.3211e+06
3.4291e+06
3.4994e+06
3.5389e+06
3.5772e+06
3.5588e+06
3.5492e+06
3.6074e+06
3.6535e+06
3.684e+06
3.7069e+06
3.7517e+06
3.8336e+06
3.9027e+06
3.9856e+06
4.1206e+06
4.242e+06
4.3431e+06
4.4074e+06
4.4387e+06
4.4769e+06
4.5196e+06
4.5137e+06
4.4645e+06
4.4265e+06
4.4314e+06
4.4111e+06
4.3141e+06
4.253e+06
4.2525e+06
4.2583e+06
4.2509e+06
4.2335e+06
4.2215e+06
4.1971e+06
4.1743e+06
4.2198e+06
4.2641e+06
4.171e+06
3.9807e+06
3.7338e+06
3.4315e+06
3.1188e+06
2.9015e+06
2.8112e+06
2.7289e+06
2.6049e+06
2.546e+06
2.588e+06
2.6333e+06
2.6089e+06
2.5971e+06
2.6632e+06
2.7301e+06
2.7372e+06
2.7009e+06
2.6649e+06
2.6387e+06
2.6286e+06
2.6633e+06
2.7601e+06
2.8754e+06
2.9482e+06
2.9947e+06
3.036e+06
3.0494e+06
3.0479e+06
3.0608e+06
3.0896e+06
3.1315e+06
3.1721e+06
3.1748e+06
3.1191e+06
3.0511e+06
3.0485e+06
3.109e+06
3.181e+06
3.1914e+06
3.1585e+06
3.1521e+06
3.2053e+06
3.2426e+06
3.2048e+06
3.1857e+06
3.2369e+06
3.2886e+06
3.3004e+06
3.324e+06
3.4139e+06
3.5314e+06
3.5569e+06
3.4774e+06
3.4071e+06
3.3753e+06
3.3179e+06
3.233e+06
3.2367e+06
3.3725e+06
3.5102e+06
3.5295e+06
3.4777e+06
3.4835e+06
3.569e+06
3.6308e+06
3.6009e+06
3.5031e+06
3.3841e+06
3.3062e+06
3.322e+06
3.41e+06
3.5012e+06
3.5457e+06
3.5367e+06
3.5022e+06
3.4638e+06
3.4275e+06
3.4206e+06
3.4662e+06
3.5427e+06
3.5967e+06
3.574e+06
3.4862e+06
