-1.566132360654602235e+04 3.324496673794879342e+01
-3.418398193797314889e+03 5.148272478102927607e+01
1.196303312438481953e+04 3.092002867539245514e+01
1.192480569404578091e+04 6.583855078116361881e+01
-1.562202206969895087e+04 6.876922061462447289e+01
-1.741617736118102357e+03 3.277096175862529037e+01
1.186177256966035930e+04 3.491852210577116722e+01
-1.510682937795261387e+04 5.832098799274523770e+01
-1.787844158976186236e+03 6.753463563107631273e+01
1.182279538464495818e+04 6.857448615137273862e+01
5.206594328498756113e+03 4.818453136149057769e+01
7.761246410052866850e+03 3.268022809647853677e+01
-1.421758128967207267e+04 6.811975666057949752e+01
-1.556069846315295399e+04 3.552425387667566525e+01
-1.456772216416473384e+04 3.152756223100217881e+01
1.241015394132984966e+02 4.511597321653099613e+01
7.719579295499686850e+03 6.740077115174250366e+01
-8.183175059983473147e+03 6.687909610688461726e+01
-1.552142140024692344e+04 7.026940184833905789e+01
-6.534770787691260921e+03 3.380097746787776458e+01
3.759996486089374230e+03 3.245066813837373587e+01
-1.453373685637827111e+04 6.404314035034956021e+01
-6.570796937862866798e+03 6.692201031878296646e+01
5.988635265339602483e+03 5.500925295291091288e+01
8.889049474946397140e+02 6.937132322717297939e+01
9.360344879197958790e+02 6.821249919453526900e+01
-3.846289048639297562e+03 3.478331535691469867e+01
-3.897237872325995340e+03 6.790233014993583538e+01
-1.846226422857963598e+03 3.476367387245102947e+01
3.716327210984491558e+03 6.713323282135166892e+01
-8.140028651782398811e+03 3.240441130007601345e+01
-1.498792011130756691e+04 5.713442499210489700e+01
-1.446601469221363550e+04 3.251557811934738851e+01
-1.443030048276543857e+04 6.622102325753049001e+01
-1.546072293709400401e+04 3.474514797166339974e+01
-1.432489606945500418e+04 6.790320271093993654e+01
7.658332885424851156e+03 3.472054305526396689e+01
-1.542154507800535976e+04 6.863146559220210463e+01
-1.426061027890320656e+04 3.419775757275683503e+01
-1.892983197731492737e+03 6.879386218108426476e+01
7.614307637501014142e+03 6.822725672193008961e+01
-1.436428579055191040e+04 3.370544513818310151e+01
-1.411222261303249252e+04 6.775095217533089453e+01
3.656330724880913749e+03 3.468256468297793305e+01
1.172076635839545634e+04 6.758245745234957269e+01
3.610134983361193463e+03 6.744768819853669584e+01
1.112137807478694776e+04 6.203313175598729146e+01
-6.636026150171167501e+03 3.312103285090520188e+01
1.136298062346642655e+04 3.359327485222403453e+01
-1.415697101076898434e+04 3.392199908782266249e+01
-1.280853143925392033e+04 6.677414523284714676e+01
1.132596423504606355e+04 6.674008968266515751e+01
-6.673295227708972561e+03 6.537067254298618479e+01
-1.946756774873402492e+03 3.403018830863323529e+01
-1.285489698993188540e+04 3.356031280746473300e+01
-1.463438883083139626e+04 3.152756223100217881e+01
1.176102281498339471e+04 3.365596404560157140e+01
1.126298361157543695e+04 3.314681483044113719e+01
-1.467049632207362993e+04 6.176439295026383292e+01
4.890109286969089908e+01 1.691200596978176307e+01
1.116155973638355499e+04 3.166013790218277180e+01
-1.994654894555077362e+03 6.644967046271717948e+01
-4.208032482371316291e+03 6.609618125703757130e+01
1.165974354341026083e+04 3.392649340674800129e+01
1.122454334796379226e+04 6.480695273262391254e+01
-5.167135480441213986e+03 2.917630772574474918e+01
3.506811904793525173e+03 6.430978977895425430e+01
-4.254599029165264255e+03 3.327365044193979315e+01
-5.066402965812207185e+03 2.983677305277423031e+01
-5.133538446253759503e+03 5.901308077851897593e+01
-5.031649774143328614e+03 6.038160841153929681e+01
1.162008511517872284e+04 6.681925310747730862e+01
-1.536082214091139576e+04 3.388631762053869778e+01
-1.291163231020035164e+04 6.707142221685573702e+01
7.510506068630779737e+03 6.647247490265056058e+01
-4.929328418756525934e+03 6.159890339138394921e+01
-4.965246808330789463e+03 3.054483535876506650e+01
-8.243146408201582744e+03 3.447468480680860381e+01
1.567888460947278588e+02 2.158037487649542285e+01
-1.301664013427313512e+04 6.651835296249079477e+01
-4.310547907285686961e+03 6.638214554371917586e+01
-5.233802147107875498e+03 2.917630772574474918e+01
-4.826974574322987792e+03 6.277303408427701470e+01
-4.414400053618501261e+03 6.601796593425062554e+01
-6.737269077537359408e+03 3.224963969208097581e+01
-5.269214886967684834e+03 5.784157072988349313e+01
-9.749269977720896350e+03 3.395190045577950144e+01
-4.864081610425410872e+03 3.105406803261888626e+01
-6.775331410999876425e+03 6.369484816978251729e+01
-4.724590154309297759e+03 6.391394200984509411e+01
-1.342345277445538341e+04 5.772378083327576093e+01
-1.532193716884838614e+04 6.455994875589260573e+01
-8.286747341481965123e+03 6.768707202676880286e+01
-1.345906923780394573e+04 2.731912268551122835e+01
7.555974752054352393e+03 3.350671366666613693e+01
-1.332729125268509961e+04 6.162410777160066999e+01
-4.762892963897257687e+03 3.171896605165813199e+01
-4.355948878120137124e+03 3.310849510177938271e+01
-4.622173813040752975e+03 6.501374722770221126e+01
-1.400937682008878437e+04 6.713419127489146376e+01
-1.295673532026867179e+04 3.351110940939100402e+01
-1.312132485917230224e+04 6.523739864730846705e+01
-4.518927798127090682e+03 6.572824210198650974e+01
-1.322432776120131712e+04 6.344960471804480306e+01
-1.336438353665160867e+04 3.040465814776453968e+01
1.156034157176606277e+04 3.289275970072930733e+01
-1.521820949130246299e+04 5.952858059352314513e+01
-1.405525160226363187e+04 3.382895308750823204e+01
-4.661697190411728116e+03 3.219497595818695146e+01
-1.526111502793703585e+04 3.067363113535390085e+01
-4.560476622628720179e+03 3.281877126951525980e+01
-1.326290771603366920e+04 3.121944962383612676e+01
-1.316142004516783345e+04 3.223015509420866920e+01
1.142462438966246555e+04 6.525218687706181697e+01
-1.305990481400466342e+04 3.300724355309980496e+01
-4.458451175498073098e+03 3.290947083247124283e+01
1.146164376619244103e+04 3.165891202483778955e+01
-1.473610749124231916e+04 3.023683071926164700e+01
-6.877837080893355051e+03 6.214224110221834962e+01
1.267266094492695856e+03 2.645027959686644792e+01
3.553804258466614101e+03 3.276512351555876279e+01
1.232275626017343029e+03 5.278356750117935547e+01
1.152198533796150332e+04 6.455167172556708977e+01
-6.838062333462064089e+03 3.144520847770154504e+01
7.407475436709949463e+03 6.509412781058749431e+01
-1.477330480233975868e+04 5.928173757259119014e+01
7.454531316554775003e+03 3.296576123598442365e+01
-8.343600933280895333e+03 3.321238721996019194e+01
-8.388359316026660963e+03 6.517193320714845584e+01
-5.335412739859456451e+03 2.866526300413874040e+01
-1.270564264278642258e+04 6.293550116154565188e+01
-5.372319133036836320e+03 5.631134804065489874e+01
-1.275363444932224775e+04 3.321383242538241376e+01
-4.105709927316876929e+03 6.492022493462873456e+01
-4.153433453205772821e+03 3.282253081509778525e+01
-9.950045830555907742e+03 3.213378924550296034e+01
9.258398955641592693e+03 2.406881037757791475e+01
9.216549648387239358e+03 4.794489835233856212e+01
-3.108265685337357809e+03 5.302690013144690084e+01
1.333932761159256870e+03 2.645027959686644792e+01
1.434377075343687466e+03 2.693877755053911471e+01
-3.796663091498096492e+03 5.577616325333777780e+01
-1.493637607871820876e+02 3.140482308412132184e+01
1.469465374502075292e+03 5.426520608233105492e+01
1.368309836506161673e+03 5.338905714740555908e+01
1.571530022587775193e+03 5.522836744286672683e+01
7.304990176428174891e+03 6.373294417550138746e+01
-2.047898119681542312e+03 3.241948215408394418e+01
1.535088299154949027e+03 2.732642853179194375e+01
-6.981124876437495004e+03 6.017279007245158340e+01
-1.390647113735511266e+04 6.352385063923858155e+01
-1.395412521782528347e+04 3.330523818738322461e+01
-6.939774747430831667e+03 3.069703262451679748e+01
-1.483719731109751774e+04 2.904490685332953603e+01
-9.699269977720907264e+03 6.281941391525894147e+01
-9.799057645996779684e+03 6.524279061481614406e+01
-2.249070396636914211e+03 3.130841782594263023e+01
5.944464674496048247e+03 2.716441278802238912e+01
7.352944120133680372e+03 3.212836657460306355e+01
1.674331614987161856e+03 5.590363314938391426e+01
-2.096210242156259937e+03 6.409677051289925487e+01
-1.515709446336547990e+04 2.885494945816924428e+01
-8.490113497597796595e+03 6.303492618349443433e+01
-1.487538250781788702e+04 5.671329331085843961e+01
1.127669447737345081e+03 5.182615878756545413e+01
-8.444758382746271309e+03 3.195954598718825324e+01
1.105981833839799219e+04 3.037299385380451966e+01
1.636441723429102467e+03 2.790193891107478308e+01
-2.298736410547888227e+03 6.234024648757931431e+01
-2.197382519111639340e+03 6.298570618475795158e+01
1.165009531521760891e+03 2.633328790431290756e+01
1.101876708618977682e+04 6.050187688794434848e+01
2.492511369081387784e+03 5.859321269012979627e+01
-9.380777931404679748e+01 6.190496297835000661e+01
7.203365542795717374e+03 6.270164985965741522e+01
-5.436906393177021528e+03 2.764608503651615834e+01
7.252046056273157774e+03 3.160457760089832391e+01
1.091680113799870924e+04 5.989185362146839253e+01
-5.474605027766979219e+03 5.454900320012317394e+01
5.254291937837024307e+03 2.461190845910924807e+01
1.878124683855249941e+03 5.700164351743304536e+01
-4.003225297797536768e+03 6.521670891255207891e+01
-4.052276474110831714e+03 3.209769411953095641e+01
-1.265200819346439675e+04 2.972166873616323457e+01
1.776431107052841298e+03 5.633246457362156434e+01
1.095894874778578196e+04 3.012888303413982882e+01
-1.260252489494856854e+04 5.759653806874140258e+01
1.737889891554002816e+03 2.800169423830913118e+01
-2.349666013910820766e+03 3.103182866163668407e+01
1.081384637452901006e+04 5.923513099504824453e+01
1.980206124965898880e+03 5.749047292048846458e+01
1.838541215494434482e+03 2.833077033531243671e+01
9.120926891301540309e+03 4.971158139251594577e+01
3.050555425558329716e+03 3.012258367090472078e+01
-9.899833498831800171e+03 6.342467940453961006e+01
-1.000012589790908714e+04 6.160956221087153750e+01
8.606605012937519859e+03 4.509605796255507215e+01
-8.591956870944824914e+03 6.115100692637091839e+01
2.797756684845615837e+03 5.930526697837041183e+01
3.000697338395135830e+03 6.017492974415722529e+01
9.158150692728857393e+03 2.387608797476065092e+01
-2.399824675780217149e+03 6.111753870968757241e+01
-1.385234591952997107e+04 3.021861245185535338e+01
2.082314367589426638e+03 5.794277458867151154e+01
-1.380284490015860683e+04 5.851966736625428211e+01
-8.545355114852025508e+03 3.107538019630618109e+01
1.939583468356054027e+03 2.867087318212060509e+01
-3.658285957128249720e+03 2.381821313907230220e+01
-2.148312122474579155e+03 3.167728835881531424e+01
-3.616354417814207864e+03 4.770846515087108486e+01
-7.041350129006197676e+03 2.947575744793477881e+01
-1.493818519672044022e+04 2.766838645752890713e+01
2.184445074426773317e+03 5.836384582203967142e+01
-7.083564186992553005e+03 5.803581901818663624e+01
1.085785239020632616e+04 2.976297058732856726e+01
7.102080713704669506e+03 6.156034776764462890e+01
6.849456048834716967e+03 3.027804672746894354e+01
7.151319486501382016e+03 3.109707225875909486e+01
-3.519737395763228051e+03 4.986336769481425790e+01
-2.602504397642036110e+03 5.862289151308644364e+01
2.286600441204205254e+03 5.874852235867410855e+01
2.040622656604681879e+03 2.881959973836785949e+01
6.798462133272885694e+03 6.032780048902171899e+01
-3.461668935077277183e+03 2.597311568301548945e+01
-5.537698634589592075e+03 2.690291816360702271e+01
-1.690668682298787644e+03 5.061234656276183586e+01
6.899667233509079779e+03 6.024558081519806052e+01
-5.679106458421185380e+03 5.154345277451923835e+01
2.388779133105105302e+03 5.910174882892378179e+01
-3.558068460685719401e+03 2.389025201179877556e+01
1.071011855988235402e+04 5.798430038641259898e+01
-5.575891914374188673e+03 5.298347888972617881e+01
2.141691710979117488e+03 2.912317485030364494e+01
-3.950948823686439482e+03 3.311901479302112961e+01
4.457074342911631959e+00 4.741214586401044784e+01
-1.255051670148439916e+04 2.787486933257816801e+01
9.024142105426437411e+03 5.100077119775144041e+01
-1.990841164205243956e+02 6.148568391801492083e+01
1.024460050783144197e+03 5.021057991038716040e+01
2.242753363441510828e+03 2.924067097173602292e+01
-1.250262935709381964e+04 5.496021910917269793e+01
6.749006084417623242e+03 3.004975376155278255e+01
-7.288383700283254257e+03 5.413609544891668435e+01
-3.494379340872076796e+02 2.924209950974355365e+01
9.062776198555295196e+03 2.583549341775529840e+01
2.343847077756011458e+03 2.950785138693808207e+01
-1.375049898062878310e+04 2.830105491439892162e+01
2.950141912826363750e+03 3.005234607325250806e+01
-8.694871001317396804e+03 5.870853311664520646e+01
1.075599398431548798e+04 2.947216040771968082e+01
-8.646601756093294171e+03 3.007562673006474441e+01
-1.370068370420749670e+04 5.799613313592169561e+01
2.899463912395704483e+03 5.972619485567796715e+01
7.050761227182268158e+03 3.046327550888553404e+01
2.444932055341873820e+03 2.959389744198569971e+01
6.697736427394605016e+03 5.976328230269675856e+01
7.000972411856789222e+03 6.043080959661466522e+01
2.748434685276811706e+03 2.963141819594494919e+01
-7.142214057985885120e+03 2.856006157025186099e+01
1.062659916212861162e+03 2.549287088325255013e+01
-8.798993981636043827e+03 5.595262781738384916e+01
-3.988686895987471530e+02 5.820601396783970927e+01
-2.450158661869235857e+03 3.008571004805088833e+01
-5.638193279784224615e+03 2.608056072611915610e+01
1.040138184525946781e+04 5.417385547632090237e+01
6.648730342956594541e+03 2.971352854114398312e+01
-7.184934560771198448e+03 5.614459845300530816e+01
-2.651377090761969612e+03 2.896948944116263647e+01
-1.245211265560965148e+04 2.708534977659452991e+01
-2.501285968749295989e+03 5.973911211997469906e+01
6.950211184653659984e+03 2.996753408772912408e+01
-1.365018472357886640e+04 2.969507822152276688e+01
-4.494307555115128139e+02 2.896391445809615561e+01
2.849321999559434971e+03 2.967384878242546620e+01
2.648539017640635848e+03 2.906582800775246866e+01
8.921192306258408280e+03 5.011253959662355584e+01
3.101368305597223753e+03 6.059106263640344281e+01
-4.988644731237190513e+02 5.739912180304540357e+01
9.618001345677452036e+02 2.471770902713460316e+01
2.696973702926279202e+03 5.869724620369741075e+01
6.548764258653572142e+03 2.924077859106010280e+01
4.606199866522614684e+03 4.690154005591525532e+01
1.060721420782406312e+04 5.647949448435722530e+01
6.597494601630393845e+03 5.895430713220408592e+01
4.517300274003115987e+02 2.953603755044044021e+01
-2.551127306879893240e+03 2.965340207192380717e+01
-8.903667984512869225e+03 5.381353019538787663e+01
-4.444401852685923160e+01 3.050013989422868477e+01
5.543848255003809982e+02 2.691385813176269082e+01
6.542370641234623463e+02 2.712287097206147379e+01
7.533916027054077631e+02 2.738267509174319159e+01
7.076286668306952379e+02 5.450554606380466538e+01
6.086218896254105175e+02 5.403672910382416461e+01
5.061148529019911280e+02 5.644989568220313458e+01
-7.242720502784834935e+03 2.758453688275345073e+01
-5.494337176121729271e+02 2.843520734494924795e+01
-8.748269245224590122e+03 2.863290638658046205e+01
1.065412457555907349e+04 2.851213997869292527e+01
8.961365906853154229e+03 2.516527777999613491e+01
3.251074093115852065e+03 3.025973348361840820e+01
3.351794285162040524e+03 3.093866003055118696e+01
3.453007646313781606e+03 3.154466626339548796e+01
-3.356729258719812151e+03 2.550960909801379373e+01
-9.450806120909723177e+03 2.628298559704471771e+01
-9.550034973314895979e+03 2.787033899134604553e+01
-9.650000000000431100e+03 2.886751345947945069e+01
-9.849787668276299883e+03 3.129089015903664972e+01
-1.005008006735357958e+04 2.947577296536857716e+01
-1.015081686700073806e+04 2.975198225694004250e+01
-1.025070130201840038e+04 2.903579566668792111e+01
-3.154619252995282295e+03 2.632885535484575712e+01
-1.065298581915241630e+04 2.814096593202139829e+01
-1.075458703820120536e+04 2.823866393797004903e+01
-1.085389472827770624e+04 2.820492559454579506e+01
-1.095581140153174056e+04 2.704390357266725076e+01
-1.105477065184709318e+04 2.397766546727784132e+01
-1.124416641004434496e+04 2.370714851986061333e+01
-1.134532684528413483e+04 3.458411367534277048e+01
-1.145124274988726575e+04 3.134312480703868076e+01
-1.155101670083458339e+04 3.000162288204691663e+01
9.551176251222859719e+03 2.776763566442321363e+01
-1.165082313080101994e+04 2.932537393243451973e+01
-1.185274000914267344e+04 2.879248668160900237e+01
9.747955640315982237e+03 2.511364125954026960e+01
-1.215000000000026193e+04 2.886751345947918423e+01
9.849659273375355042e+03 2.625335480013444567e+01
9.949999999987705451e+03 2.842158788578445794e+01
1.004999848341722827e+04 2.818046610761233595e+01
1.014997503116262851e+04 2.695239706927024415e+01
-5.988618175533061958e+02 5.624417551860454267e+01
3.302868378289946577e+03 6.119839351416959516e+01
3.404801931488414539e+03 6.248332629394667492e+01
-9.500841094224186236e+03 5.415332458839076679e+01
-9.600034973314899617e+03 5.673785245082549267e+01
-1.175240930113326613e+04 2.954608140458115884e+01
-1.010089693435392655e+04 5.922775522230862322e+01
-1.020151816901875281e+04 5.878777792362797072e+01
-1.070757285735327059e+04 5.637962986999144732e+01
-1.080848176647856599e+04 5.644358953251585120e+01
-1.090970612980910664e+04 5.524882916721304582e+01
-1.101058205337850086e+04 5.102156903994509207e+01
-1.128949325532816692e+04 5.829126219520338736e+01
-2.991582897205566383e+02 5.932296034363715620e+01
-1.139656959517109499e+04 6.592723848238144058e+01
-1.150225945072154900e+04 6.134474768908560094e+01
-1.160183983163531047e+04 5.932699681448143991e+01
9.797614913704528590e+03 5.136699605967471172e+01
9.899659273375653356e+03 5.467494268591890005e+01
9.999998483416928138e+03 5.660205399339679389e+01
1.009997351459124911e+04 5.513286317688258009e+01
1.201820971340480901e+04 4.359883631999090170e+01
8.480039274760812305e+02 2.587653305977230289e+01
-1.170323243193399867e+04 5.887145533701567501e+01
-1.180514931027565945e+04 5.833856808619015766e+01
3.150812880027914161e+03 3.046847896549872203e+01
-1.504973491458719400e+04 2.946603853457598987e+01
-2.497203556333301719e+02 3.008086083389359899e+01
-6.494280999410933646e+02 2.780896817365529117e+01
2.547579313731756429e+03 2.899931524814409656e+01
-5.783433987467330553e+03 4.957460651965305942e+01
3.809996486089107293e+03 4.966297498173707936e+01
8.818218861098212074e+03 4.908808462822128860e+01
1.050514588993437974e+04 5.526001175515178687e+01
1.055308963225660045e+04 2.796735450566430359e+01
6.448186820800987334e+03 2.880002758009955599e+01
-1.030162982497634766e+04 5.726949952322839721e+01
-9.997511180905571564e+02 4.944041956828439055e+01
-6.988335894137753712e+02 5.495404885493642411e+01
-2.751192487226574031e+03 2.807052466714264582e+01
8.013955301835671889e+02 5.325920815151548737e+01
4.707339226971450444e+03 4.761518465171963044e+01
2.596118331380686413e+03 5.806514325589656522e+01
-1.035092852295832563e+04 2.823370385654047610e+01
-5.740913178636583325e+03 2.546289204840008225e+01
3.201886973155283613e+03 6.072821244911713023e+01
6.496951079474627477e+03 5.804080617115965879e+01
-7.392954467598792689e+03 5.154172307189952562e+01
8.859826399386663979e+03 2.494726181662742093e+01
-7.494054894726353950e+02 2.714508068128114004e+01
-9.306989220045326874e+03 4.997934071359357944e+01
-2.702569577988723267e+03 5.704001410830528584e+01
8.401381956682927921e+03 4.178153377059518192e+01
-9.107745881115568409e+03 5.186376583681601460e+01
1.045205625766878984e+04 2.729265724948748684e+01
6.347385822516384906e+03 2.829968451429484233e+01
-1.190489142866496695e+04 5.612704396324445355e+01
-7.986407856621959809e+02 5.376454384760220506e+01
-1.571132360654604599e+04 5.034882054078750713e+01
6.395572643337282898e+03 5.709971209439439832e+01
-1.060599054835420247e+04 5.633722846938074014e+01
8.712800019330228679e+03 4.683892314944149149e+01
7.811246410052794090e+03 5.008321955751036825e+01
-1.040256257523403656e+04 5.590253975674588105e+01
-8.492352961895071530e+02 2.661946316632107212e+01
-7.345663197497931833e+03 2.655155856616323362e+01
-1.600142817055569139e+04 3.410383484208369964e+01
-1.210391595604114991e+04 5.722199321064645261e+01
-6.196168973012453534e+03 4.027278181867481521e+01
1.019958387257871800e+04 5.323808568351245185e+01
1.034932558758108644e+04 2.688119822683341553e+01
6.294157126369711477e+03 5.612546082555346771e+01
-8.952943248101408244e+03 2.649380876458448242e+01
-1.045163405227608200e+04 2.766883590020540495e+01
-2.851136876800566824e+03 2.719158833318651247e+01
-8.850724736411933918e+03 2.731972143080339421e+01
-9.006148133352096920e+03 5.260339733792398675e+01
6.246771303833574166e+03 2.782577631125862183e+01
4.025381497079071664e+02 5.021551782478578474e+01
-9.497511180905597712e+02 2.556987766893704972e+01
-9.053204885251154337e+03 2.610958857333950789e+01
8.288045285476381707e+01 4.044760430981734345e+01
-9.209554723002840547e+03 5.089934532228088671e+01
-1.355560447692312846e+04 2.739662034978466920e+01
-9.154540995864872457e+03 2.575417726347651026e+01
5.844748462975551774e+03 2.676248980785989673e+01
-9.351975492907351509e+03 2.483417265478919944e+01
-6.091574858451108412e+03 4.281785734185689307e+01
-2.802329364027327301e+03 5.526211300032915830e+01
8.758392461692361394e+03 2.414082281159386767e+01
4.752541600786180425e+03 2.354686199722512185e+01
-1.195215141952256636e+04 2.733455728163544407e+01
6.193154265637975186e+03 5.521889045220441261e+01
9.601816489950397226e+03 4.810565091119961068e+01
9.698595879042921297e+03 4.545165650631665955e+01
-8.090028651782365159e+03 4.990071341987324871e+01
-1.224188982730320095e+04 2.259532355937754389e+01
6.146382961784805957e+03 2.739311414094579433e+01
-3.750374042858547455e+03 2.099284789642307558e+01
9.502535188043984817e+03 4.765158911394116359e+01
-5.885761157991524669e+03 4.738143395064154362e+01
-2.902953548983831297e+03 5.386166969845811536e+01
-1.050463878147786272e+04 5.586509843756474680e+01
-8.989864142801270646e+02 5.218934083525812184e+01
-1.110445261239812680e+04 4.270771986070621296e+01
-1.119384837059538586e+04 4.243720291328898497e+01
-9.255013727138422837e+03 2.514516805880437644e+01
4.096803492659187214e+03 4.220825147489663465e+01
-5.842520808830361602e+03 2.411171447125298073e+01
6.090553552628516627e+03 5.523795430583430743e+01
6.044170590824275678e+03 2.784484016488852021e+01
-7.495363891923102528e+03 4.893325373120006105e+01
-2.951816672183071660e+03 2.667008136527161000e+01
-1.055300472920214634e+04 2.819626253735934895e+01
-1.200606737556344706e+04 5.568903703280270889e+01
-7.447291270100367001e+03 2.499016450573628845e+01
8.654407557618082137e+03 2.269810033784762382e+01
-3.312148114016684758e+03 5.234552836341066495e+01
-1.205391595604114809e+04 2.835447975116726482e+01
1.029893442899657384e+04 5.316688684107563034e+01
5.355306111828107532e+03 2.483221083445016575e+01
-3.005463104525140807e+03 5.336812614187275727e+01
1.024960884140529561e+04 2.628568861424221481e+01
4.654797626168050556e+03 2.406832265449451214e+01
-5.943240349160770165e+03 2.326971947938856999e+01
-5.987723661330804134e+03 4.527230279906990518e+01
-3.053646432341869513e+03 2.669804477660114728e+01
-7.699438296453274233e+03 4.469442105298279699e+01
9.357087311209868858e+03 2.306021796511910438e+01
-7.548072621822237124e+03 2.394308922546376905e+01
-7.597200566552324744e+03 4.664924811003478311e+01
5.746751213649076817e+03 2.521260262455991707e+01
-1.049999999999931106e+03 2.387054189934733373e+01
5.889213137490719419e+03 5.392690259588228940e+01
-1.235569608620586951e+04 2.431784237960599526e+01
-1.351467371472691048e+04 5.471574303529589400e+01
-6.044483312169632882e+03 2.200258331968133518e+01
-1.100361120413050003e+03 4.732964018696370800e+01
5.691530487199153868e+03 5.047462446623436705e+01
-1.150361120413046592e+03 2.345909828761637073e+01
-3.255418855296652964e+03 2.683591926539687122e+01
-1.227253299520808832e+04 5.206776891166617816e+01
5.644779273531273247e+03 2.526202184167444997e+01
8.450914485301453169e+03 2.107966349331063682e+01
-7.649127944729582850e+03 2.270615888457101050e+01
5.593561194139965664e+03 4.501764295448009534e+01
5.548781920590045956e+03 1.975562111280564537e+01
-1.201069956402441676e+03 4.646064972341709876e+01
-1.240780874181528452e+04 5.140319215620053228e+01
-3.708659999987041829e+03 4.481106103549537778e+01
-1.250708835989316640e+03 2.300155143580073158e+01
5.503922274729387027e+03 4.405550393815612864e+01
5.455140354120853772e+03 2.429988282535048327e+01
-6.147091546281068986e+03 2.081527402217556144e+01
-1.301811128914208666e+03 4.551894748677267444e+01
5.152302390643720173e+03 2.357262290238132962e+01
4.299877205704971857e+03 4.214560939019091279e+01
4.047933862656342171e+03 2.103234908562452787e+01
9.650640238713147482e+03 2.033801524677639350e+01
-7.750310351723225722e+03 2.198826216841179004e+01
5.051064729502773844e+03 2.257402026250802507e+01
5.103367120164347398e+03 4.614664316488935469e+01
-1.351102292924806306e+03 2.251739605097193930e+01
4.350099813110569812e+03 2.127954759121750072e+01
-1.360578920050183660e+04 5.709169857130743964e+01
4.950439558021434095e+03 2.162895574888165129e+01
4.449999999983177077e+03 2.100326454710703672e+01
5.001504287541903977e+03 4.420297601138967281e+01
4.551402240337502917e+03 2.283321740142073608e+01
4.850750486943475153e+03 2.151353061062907202e+01
4.501402240337582953e+03 4.383648194852776925e+01
-9.402781613816636309e+03 5.111715825183392070e+01
4.901190044982446125e+03 4.314248635951071975e+01
9.451358936806136626e+03 1.988395344951794996e+01
4.249777392577815590e+03 2.086606179897341562e+01
-7.801323918427078752e+03 4.331059967355952978e+01
-1.402597995276691336e+03 4.456293220976512970e+01
4.198647022580918019e+03 4.204196418824552239e+01
5.309598049683301724e+03 4.944411929355941737e+01
3.036283842839329736e+02 4.119532417976238747e+01
4.148869629986689688e+03 2.117590238927211033e+01
4.400099813110492505e+03 4.228281213832453744e+01
8.249999999977595508e+03 1.986415782119127371e+01
8.149781865828022092e+03 2.017526258026435926e+01
-7.851013566703535616e+03 2.132233750514773973e+01
-1.451495702351792033e+03 2.204553615879318684e+01
8.199781865828075752e+03 4.003942040145562942e+01
-6.484770787691265468e+03 5.144081494340863259e+01
2.528202619766078385e+02 2.051584390541704650e+01
8.350467471359888805e+03 2.070187027728454510e+01
8.300467471359605042e+03 4.056602809847581881e+01
-1.551824116445691971e+03 2.107156075110291127e+01
3.508081223065714767e+02 2.067948027434534097e+01
-1.503319818797584276e+03 4.311709690989609811e+01
8.099233024404711614e+03 4.044953391894721761e+01
8.552197455299052308e+03 2.239795762470744478e+01
8.049451158554144058e+03 2.027427133868286191e+01
-7.902434653387056642e+03 4.183101958194861680e+01
-7.951421086683493741e+03 2.050868207680087707e+01
-1.594999999999999272e+04 1.801017072043635636e+01
-1.589958610255312851e+04 3.627000682967715761e+01
7.998555749089045094e+03 4.046802499899636985e+01
-1.600875062626370664e+03 3.891294555523945320e+01
-1.584958610255314306e+04 1.825983610924080480e+01
-1.579958610255317217e+04 3.536368991207951495e+01
7.949104590512455616e+03 2.019375366031350794e+01
-1.114968196055135923e+04 1.873005439342837164e+01
-1.575000000000004366e+04 1.710385380283871015e+01
-6.249077426730974366e+03 1.945750779649925377e+01
-6.449999999999573447e+03 1.763983747553086445e+01
-8.001421086683653812e+03 3.800498419659810878e+01
-8.050000000000422006e+03 1.749630211979723171e+01
3.948399650890850808e+03 2.046547700796525859e+01
-1.649050946180571600e+03 1.784138480413654193e+01
7.849999999977801053e+03 1.740299146103183503e+01
-6.349865960796342733e+03 1.853782402809746088e+01
3.849999999984991973e+03 1.721230684336334349e+01
7.899104590512542927e+03 3.759674512134534297e+01
-6.298943387527734558e+03 3.799533182459671110e+01
-6.399865960796341824e+03 3.617766150362832178e+01
3.898399650891121837e+03 3.767778385132859853e+01
9.315486266867650556e+03 4.712902834269701913e+01
-1.219188982730321004e+04 5.146283701885672457e+01
-1.231967258744409628e+04 5.379028773189463664e+01
-3.210038108292148536e+03 5.316477462024263190e+01
5.791499676643587918e+03 5.197509243241981380e+01
5.410446465967289441e+03 4.913209365980065257e+01
3.996333513562965436e+03 4.149782609358978647e+01
8.503111940621491158e+03 4.347762111801807805e+01
4.803292087747034202e+03 4.506039260785419032e+01
2.096091080718313151e+02 4.209621878191246935e+01
9.408446248031594223e+03 4.294417141463705434e+01
