0.000000000000000000e+00
1.000000000000000472e-01
2.000000000000001221e-01
3.000000000000002109e-01
4.000000000000002998e-01
5.000000000000003331e-01
5.999999999999982014e-01
6.999999999999960698e-01
7.999999999999939382e-01
8.999999999999918066e-01
9.999999999999896749e-01
1.099999999999987654e+00
1.199999999999985523e+00
1.299999999999983391e+00
1.399999999999981259e+00
1.499999999999979128e+00
1.599999999999976996e+00
1.699999999999974865e+00
1.799999999999972733e+00
1.899999999999970601e+00
1.999999999999968470e+00
2.099999999999966338e+00
2.199999999999964206e+00
2.299999999999962075e+00
2.399999999999959943e+00
2.499999999999957812e+00
2.599999999999955680e+00
2.699999999999953548e+00
2.799999999999951417e+00
2.899999999999949285e+00
2.999999999999947153e+00
3.099999999999945022e+00
3.199999999999942890e+00
3.299999999999940758e+00
3.399999999999938627e+00
3.499999999999936495e+00
3.599999999999934364e+00
3.699999999999932232e+00
3.799999999999930100e+00
3.899999999999927969e+00
3.999999999999925837e+00
4.099999999999941025e+00
4.199999999999956657e+00
4.299999999999972289e+00
4.399999999999987921e+00
4.500000000000003553e+00
4.600000000000019185e+00
4.700000000000034817e+00
4.800000000000050449e+00
4.900000000000066080e+00
5.000000000000081712e+00
5.100000000000097344e+00
5.200000000000112976e+00
5.300000000000128608e+00
5.400000000000144240e+00
5.500000000000159872e+00
5.600000000000175504e+00
5.700000000000191136e+00
5.800000000000206768e+00
5.900000000000222400e+00
6.000000000000238032e+00
6.100000000000253664e+00
6.200000000000269296e+00
6.300000000000284928e+00
6.400000000000300560e+00
6.500000000000316192e+00
6.600000000000331823e+00
6.700000000000347455e+00
6.800000000000363087e+00
6.900000000000378719e+00
7.000000000000394351e+00
7.100000000000409983e+00
7.200000000000425615e+00
7.300000000000441247e+00
7.400000000000456879e+00
7.500000000000472511e+00
7.600000000000488143e+00
7.700000000000503775e+00
7.800000000000519407e+00
7.900000000000535039e+00
8.000000000000550671e+00
8.100000000000530775e+00
8.200000000000510880e+00
8.300000000000490985e+00
8.400000000000471090e+00
8.500000000000451195e+00
8.600000000000431299e+00
8.700000000000411404e+00
8.800000000000391509e+00
8.900000000000371614e+00
9.000000000000351719e+00
9.100000000000331823e+00
9.200000000000311928e+00
9.300000000000292033e+00
9.400000000000272138e+00
9.500000000000252243e+00
9.600000000000232347e+00
9.700000000000212452e+00
9.800000000000192557e+00
9.900000000000172662e+00
1.000000000000015277e+01
1.010000000000013287e+01
1.020000000000011298e+01
1.030000000000009308e+01
1.040000000000007319e+01
1.050000000000005329e+01
1.060000000000003340e+01
1.070000000000001350e+01
1.079999999999999361e+01
1.089999999999997371e+01
1.099999999999995381e+01
1.109999999999993392e+01
1.119999999999991402e+01
1.129999999999989413e+01
1.139999999999987423e+01
1.149999999999985434e+01
1.159999999999983444e+01
1.169999999999981455e+01
1.179999999999979465e+01
1.189999999999977476e+01
1.199999999999975486e+01
