0
0
0
1.3135e-174
-1.0418e-135
3.3808e-110
7.1328e-92
7.955e-78
1.5021e-66
3.0441e-57
4.8716e-50
-2.8436e-42
-3.358e-35
-5.7734e-29
-1.4391e-23
-5.2856e-19
-4.1681e-17
4.1875e-14
4.6149e-11
5.2603e-09
7.7422e-08
1.9314e-07
4.5563e-07
1.1085e-06
2.9857e-06
6.124e-06
3.592e-06
1.3769e-06
-1.817e-06
-4.4239e-06
-6.2e-06
-6.2171e-06
-6.5046e-06
-5.5655e-06
-7.3283e-06
-3.3021e-06
-5.2364e-06
-8.8254e-05
-0.00044903
-0.00075829
-0.0005185
-0.00058399
-0.00055251
0.00031933
0.0019385
-0.14644
-0.55757
-0.86062
-1.1232
-1.3659
-1.5933
-1.8036
-1.9989
-2.182
-2.355
-2.5179
-2.6732
-2.8196
-2.9601
-3.0947
-3.2257
-3.3509
-3.4719
-3.5881
-3.6945
-3.7905
-3.8808
-3.9642
-4.0432
-4.1206
-4.1958
-4.2685
-4.3421
-4.4131
-4.4852
-4.5546
-4.6251
-4.6948
-4.7635
-4.831
-4.8918
-4.9229
-4.9445
-4.9637
-4.987
-5.0149
-5.0504
-5.0923
-5.1438
-5.2087
-5.2897
-5.3371
-5.3722
-5.4079
-5.4494
-5.464
-5.4672
-5.4677
-5.4677
-5.4677
-5.4677
-5.4677
-5.4677
-5.4677
-5.4677
-5.4677
-5.4677
-5.4677
-5.4677
-5.4676
-5.4676
-5.4676
-5.4676
-5.4676
-5.4676
-5.4676
-5.4676
-5.4676
-5.4676
-5.4676
-5.4676
