0
0
0
2.0464e-173
-6.3629e-134
2.8033e-108
6.8778e-90
7.9791e-76
1.4891e-64
2.895e-55
3.7994e-48
-2.5757e-40
-2.9319e-33
-4.7102e-27
-1.0861e-21
-3.4861e-17
-1.3383e-15
2.7021e-12
2.167e-09
1.7391e-07
1.2438e-06
1.3045e-06
3.5832e-06
9.8581e-06
2.9244e-05
1.4476e-05
-2.8091e-05
-4.1681e-05
-2.4786e-05
-1.8308e-05
-8.93e-06
-4.8208e-06
7.6868e-06
-6.9843e-06
7.2403e-06
2.4411e-05
-9.3208e-05
-0.0018619
-0.0052104
0.0010705
0.0011616
-0.0020686
0.0041421
0.011607
0.16415
-3.7437
-3.5011
-2.7841
-2.5441
-2.3624
-2.1795
-2.0359
-1.8702
-1.7729
-1.6799
-1.6142
-1.4947
-1.4088
-1.3727
-1.3337
-1.2546
-1.2434
-1.1885
-1.139
-1.0042
-0.92611
-0.87878
-0.82365
-0.77606
-0.76813
-0.75515
-0.71224
-0.71287
-0.71197
-0.6916
-0.71287
-0.7094
-0.69027
-0.67882
-0.67527
-0.48253
-0.24452
-0.20528
-0.18444
-0.2758
-0.32146
-0.38539
-0.45894
-0.56529
-0.77012
-0.69402
-0.39708
-0.31933
-0.44648
-0.27595
-0.075511
-0.0073848
0.00043217
0.00022725
-6.4286e-05
-0.00012848
-0.00078609
-0.00044751
0.0010452
0.00071493
-0.00087545
0.00054497
0.0005648
4.9305e-05
0.00012025
0.00037264
0.00022358
0.00037479
0.00036261
0.00066063
-0.0010557
0.00077192
-0.00068186
7.9965e-05
-0.00035593
-0.00016353
