0
0
0
0
0
0
0
0
0
0
0
0
0
0
0
0
-4.4703e-07
-0.00090078
-0.3983
-37.383
-726.57
-3811.3
-11869
-31970
-84292
-2.1692e+05
-4.1669e+05
-6.4958e+05
-9.1076e+05
-1.1996e+06
-1.5359e+06
-1.9405e+06
-2.4293e+06
-3.0168e+06
-3.7144e+06
-4.5493e+06
-5.5476e+06
-6.6114e+06
-6.7659e+06
-4.5071e+06
-2.4159e+06
-9.274e+05
1.2485e+06
6.1961e+05
-7.8404e+05
-5.3618e+06
6.0746e+06
5.7376e+06
5.4881e+06
5.6077e+06
5.787e+06
6.1351e+06
6.2913e+06
6.6396e+06
6.9791e+06
7.1876e+06
7.4423e+06
7.6894e+06
7.9392e+06
8.1032e+06
8.2212e+06
8.4277e+06
8.585e+06
8.7505e+06
8.8371e+06
8.9364e+06
9.0748e+06
9.0325e+06
9.0284e+06
9.0381e+06
9.1229e+06
9.1165e+06
9.1656e+06
9.1874e+06
9.1893e+06
9.237e+06
9.2553e+06
9.2408e+06
9.2476e+06
9.2747e+06
9.2666e+06
9.2678e+06
9.1647e+06
8.5453e+06
8.8855e+06
8.943e+06
9.0547e+06
9.0911e+06
9.2383e+06
9.4013e+06
9.5229e+06
9.5197e+06
9.4201e+06
9.2478e+06
9.53e+06
9.7448e+06
9.7931e+06
9.893e+06
1.005e+07
1.0184e+07
1.0286e+07
1.037e+07
1.0495e+07
1.0806e+07
1.0754e+07
1.071e+07
1.0872e+07
1.0922e+07
1.0778e+07
1.0844e+07
1.0794e+07
1.0743e+07
1.0829e+07
1.0888e+07
1.0977e+07
1.099e+07
1.1105e+07
1.1013e+07
1.1063e+07
1.1041e+07
1.1107e+07
