"avg(sliprate)"
0
0
0
0.092664
0.26646
0.44548
0.52248
0.50553
0.49473
0.47652
0.47697
0.46976
0.46066
0.45769
0.44961
0.4419
0.43119
0.4225
0.41342
0.40789
0.40865
0.42048
0.43408
0.43984
0.44053
0.4488
0.46905
0.48874
0.50701
0.52009
0.5294
0.54207
0.54857
0.55343
0.56219
0.56806
0.58049
0.60304
0.59252
0.53516
0.42068
0.32547
0.30463
0.30166
0.28405
0.23345
0.15837
0.077318
0.0097184
0.029188
0.040693
0.024741
0.014973
0.057684
0.088218
0.11383
0.13728
0.14242
0.13245
0.092756
0.042967
0.020863
0.010233
0.011134
0.0089585
0.013223
0.0063767
0.00806
0.0027351
0.020546
0.026116
0.036115
0.059737
0.082273
0.093809
0.10015
