"avg(slip)"
0
0
0
0.0020663
0.020637
0.057068
0.10846
0.1595
0.20914
0.2577
0.30563
0.35278
0.3995
0.44529
0.49065
0.53522
0.57892
0.62155
0.66329
0.70438
0.74505
0.78654
0.82928
0.87308
0.91711
0.96148
1.0073
1.0553
1.1052
1.1566
1.2091
1.2627
1.3173
1.3724
1.4282
1.4848
1.5421
1.6014
1.6615
1.7182
1.766
1.8025
1.8335
1.8639
1.8933
1.9194
1.9389
1.9504
1.9544
1.9531
1.9494
1.9459
1.9454
1.9492
1.9567
1.9668
1.9795
1.9937
2.0076
2.019
2.0255
2.0284
2.03
2.0299
2.0286
2.0289
2.0302
2.0299
2.0295
2.0307
2.0332
2.0362
2.041
2.0482
2.0571
2.0668
